time timestep g1 g3 g1_regular g1_sticker
0.01 1 0.000301119 7.39515e-06 0.000301036 0.00030351
0.02 2 0.00115515 2.89013e-05 0.00115554 0.00115427
0.03 3 0.00247428 6.37557e-05 0.00247651 0.00244529
0.04 4 0.00414619 0.00011097 0.00415244 0.00403944
0.05 5 0.00605727 0.000169511 0.00607172 0.00579378
0.06 6 0.00811112 0.000238481 0.00813786 0.00760374
0.07 7 0.010243 0.000316927 0.0102856 0.00940519
0.08 8 0.0124258 0.000403552 0.0124868 0.011194
0.09 9 0.0146624 0.000498011 0.0147433 0.0129938
0.1 10 0.0169732 0.000599466 0.0170741 0.014856
0.11 11 0.0193778 0.000706794 0.019498 0.0168146
0.12 12 0.0218841 0.000818451 0.022024 0.0188809
0.13 13 0.02451 0.000933955 0.0246696 0.0210829
0.14 14 0.027252 0.00105237 0.0274303 0.0234251
0.15 15 0.0300847 0.00117323 0.0302814 0.0258718
0.16 16 0.0329689 0.00129572 0.0331846 0.0283691
0.17 17 0.0358679 0.00142008 0.0361043 0.0308757
0.18 18 0.0387478 0.0015463 0.0390048 0.033365
0.19 19 0.0415901 0.00167384 0.041868 0.0358172
0.2 20 0.0443909 0.00180325 0.0446897 0.0382293
0.21 21 0.0471459 0.00193378 0.0474641 0.0406192
0.22 22 0.0498473 0.00206447 0.0501859 0.042964
0.23 23 0.052512 0.00219557 0.0528705 0.0453001
0.24 24 0.0551554 0.00232649 0.0555333 0.0476423
0.25 25 0.0577842 0.00245756 0.0581812 0.0499849
0.26 26 0.0603979 0.00258934 0.0608143 0.0523295
0.27 27 0.0629908 0.00272124 0.063427 0.0546558
0.28 28 0.0655631 0.00285371 0.0660206 0.0569506
0.29 29 0.068103 0.00298564 0.0685822 0.0591949
0.3 30 0.0706122 0.00311689 0.071111 0.0614106
0.31 31 0.0730835 0.00324774 0.0736 0.0635904
0.32 32 0.0755068 0.00337659 0.0760384 0.0657377
0.33 33 0.077891 0.0035049 0.0784368 0.0678553
0.34 34 0.0802501 0.00363271 0.0808108 0.0699531
0.35 35 0.0825893 0.00376031 0.0831673 0.072015
0.36 36 0.0849104 0.00388765 0.0855049 0.0740554
0.37 37 0.0872091 0.00401451 0.0878203 0.0760769
0.38 38 0.0894893 0.00414039 0.0901164 0.078085
0.39 39 0.0917532 0.00426459 0.092395 0.0800892
0.4 40 0.0940007 0.0043884 0.094658 0.0820802
0.41 41 0.0962247 0.0045121 0.0968959 0.0840616
0.42 42 0.0984105 0.00463494 0.0990925 0.0860199
0.43 43 0.100567 0.00475616 0.10126 0.0879574
0.44 44 0.102708 0.00487786 0.103411 0.0898812
0.45 45 0.104833 0.00499854 0.105549 0.0917809
0.46 46 0.106945 0.0051202 0.107675 0.0936584
0.47 47 0.109047 0.0052423 0.109793 0.0955025
0.48 48 0.11114 0.00536562 0.111903 0.0973287
0.49 49 0.113219 0.00548906 0.114003 0.0991275
0.5 50 0.115292 0.00561301 0.116099 0.100905
0.51 51 0.11734 0.00573656 0.118172 0.102669
0.52 52 0.119351 0.0058594 0.120203 0.104417
0.53 53 0.121331 0.00598034 0.122206 0.106128
0.54 54 0.123294 0.00610098 0.124191 0.107824
0.55 55 0.125242 0.00622067 0.126158 0.109506
0.56 56 0.12718 0.00633933 0.128116 0.111175
0.57 57 0.129108 0.00645822 0.130062 0.112841
0.58 58 0.131029 0.00657876 0.132003 0.114486
0.59 59 0.132941 0.006701 0.133932 0.116118
0.6 60 0.134849 0.00682304 0.135854 0.117758
0.62 62 0.138608 0.00706536 0.139641 0.120984
0.63 63 0.140457 0.00718442 0.1415 0.122591
0.64 64 0.142289 0.00730296 0.143345 0.124187
0.65 65 0.144106 0.00741915 0.145177 0.125781
0.66 66 0.145912 0.00753349 0.146997 0.127361
0.67 67 0.147712 0.0076471 0.148812 0.128946
0.69 69 0.151291 0.00786999 0.152431 0.132037
0.7 70 0.153077 0.00798248 0.154241 0.133558
0.71 71 0.154852 0.00809476 0.156042 0.135051
0.73 73 0.158322 0.00831404 0.159563 0.137969
0.74 74 0.160031 0.00842319 0.161294 0.139439
0.75 75 0.161735 0.00853084 0.163016 0.140919
0.77 77 0.165136 0.00874632 0.166445 0.143908
0.78 78 0.166838 0.00885366 0.168162 0.145375
0.8 80 0.170248 0.00906875 0.171612 0.148218
0.81 81 0.171946 0.0091772 0.173331 0.149603
0.83 83 0.175265 0.00939054 0.176689 0.152353
0.84 84 0.176892 0.0094969 0.178334 0.153712
0.86 86 0.180145 0.00971055 0.181625 0.156414
0.87 87 0.181772 0.0098181 0.183276 0.157744
0.89 89 0.185031 0.010035 0.186591 0.160344
0.9 90 0.186657 0.010143 0.188248 0.161614
0.92 92 0.189862 0.0103594 0.191517 0.164106
0.94 94 0.192995 0.0105747 0.194705 0.166617
0.96 96 0.196117 0.0107874 0.197864 0.169205
0.97 97 0.197692 0.0108919 0.199458 0.170518
0.99 99 0.200851 0.0111039 0.202658 0.173145
1.01 101 0.204018 0.0113132 0.205873 0.175735
1.03 103 0.207117 0.0115201 0.20902 0.178278
1.05 105 0.210164 0.011726 0.212104 0.180847
1.07 107 0.213189 0.0119301 0.215163 0.183405
1.09 109 0.216197 0.012134 0.218203 0.185981
1.11 111 0.219195 0.0123386 0.221237 0.1885
1.13 113 0.222126 0.0125424 0.224206 0.190885
1.15 115 0.225029 0.0127435 0.227148 0.193268
1.17 117 0.227919 0.0129406 0.230075 0.195691
1.19 119 0.230815 0.0131355 0.233003 0.198133
1.21 121 0.233716 0.013331 0.235937 0.200582
1.24 124 0.237927 0.0136223 0.240187 0.20414
1.26 126 0.240697 0.0138145 0.24298 0.206461
1.28 128 0.243468 0.0140015 0.245761 0.208854
1.31 131 0.247654 0.0142852 0.249966 0.212427
1.33 133 0.250396 0.0144754 0.252729 0.214649
1.35 135 0.253129 0.0146649 0.255488 0.216828
1.38 138 0.257248 0.0149526 0.259643 0.220082
1.41 141 0.261372 0.015246 0.263802 0.223284
1.43 143 0.264051 0.0154438 0.266503 0.225333
1.46 146 0.268078 0.0157443 0.270556 0.228514
1.48 148 0.270791 0.015944 0.273277 0.230778
1.51 151 0.274899 0.0162506 0.277411 0.234067
1.54 154 0.278861 0.0165706 0.281405 0.237166
1.57 157 0.282764 0.0168947 0.285306 0.240497
1.6 160 0.286723 0.0172138 0.289265 0.243907
1.63 163 0.290613 0.0175309 0.293179 0.247093
1.66 166 0.294392 0.0178386 0.296988 0.249983
1.69 169 0.298109 0.0181456 0.300728 0.252792
1.72 172 0.301786 0.0184426 0.304437 0.255565
1.75 175 0.305382 0.0187263 0.308076 0.258276
1.78 178 0.309053 0.0190004 0.311793 0.261112
1.82 182 0.313999 0.0193649 0.316802 0.264944
1.85 185 0.317572 0.019635 0.320424 0.267653
1.89 189 0.322277 0.019996 0.325209 0.271286
1.92 192 0.325816 0.0202668 0.328817 0.274052
1.96 196 0.330416 0.0206111 0.333515 0.277554
1.99 199 0.333898 0.020861 0.337075 0.280279
2.03 203 0.338483 0.021176 0.341733 0.283992
2.07 207 0.342886 0.0214818 0.346174 0.28765
2.11 211 0.34739 0.0217979 0.350777 0.29111
2.14 214 0.350733 0.0220311 0.354205 0.293451
2.18 218 0.355138 0.022342 0.358667 0.296678
2.22 222 0.359543 0.0226482 0.363111 0.300022
2.27 227 0.3649 0.0230352 0.368479 0.304195
2.31 231 0.369261 0.0233613 0.372824 0.30777
2.35 235 0.373501 0.0236818 0.377094 0.31098
2.39 239 0.377729 0.0239889 0.381364 0.314331
2.44 244 0.38283 0.0243484 0.38658 0.318037
2.48 248 0.386903 0.0246348 0.390744 0.32083
2.53 253 0.39212 0.0250193 0.396016 0.324563
2.58 258 0.397035 0.0254132 0.400967 0.328135
2.63 263 0.402181 0.0258155 0.406148 0.332063
2.67 267 0.406245 0.0261302 0.410247 0.335173
2.72 272 0.411475 0.0265337 0.415568 0.338833
2.77 277 0.416459 0.0269275 0.420553 0.343039
2.83 283 0.422596 0.027392 0.42668 0.34838
2.88 288 0.427399 0.0277869 0.431508 0.352347
2.93 293 0.432318 0.0281852 0.436439 0.35641
2.99 299 0.438167 0.0286635 0.442321 0.361376
3.04 304 0.443008 0.0290406 0.447232 0.365089
3.1 310 0.448648 0.029462 0.452913 0.369449
3.16 316 0.454066 0.0298718 0.458358 0.373833
3.22 322 0.459645 0.0303208 0.46404 0.377996
3.27 327 0.464189 0.0307169 0.468641 0.381247
3.34 334 0.470786 0.0312392 0.475327 0.385874
3.4 340 0.476315 0.0316541 0.480889 0.389884
3.46 346 0.481703 0.0320689 0.486313 0.393683
3.53 353 0.487988 0.03257 0.492626 0.398407
3.59 359 0.493292 0.0330396 0.497981 0.402498
3.66 366 0.499178 0.0335783 0.504019 0.406183
3.73 373 0.505242 0.0341171 0.510263 0.409693
3.79 379 0.510337 0.0345834 0.515402 0.413187
3.86 386 0.516357 0.0351275 0.521457 0.41707
3.94 394 0.523586 0.0357769 0.528749 0.422272
4.01 401 0.529787 0.036368 0.534997 0.427286
4.08 408 0.535631 0.0369299 0.540905 0.431262
4.16 416 0.542486 0.0375361 0.547751 0.436787
4.24 424 0.549125 0.0381184 0.554412 0.441388
4.32 432 0.555954 0.0387259 0.561281 0.44586
4.4 440 0.562617 0.0393473 0.56795 0.450246
4.48 448 0.569018 0.0399971 0.5744 0.454057
4.56 456 0.575451 0.0406122 0.5809 0.457662
4.65 465 0.582662 0.0412031 0.588184 0.462665
4.73 473 0.589055 0.0417209 0.59466 0.467571
4.82 482 0.596095 0.0423166 0.601732 0.472766
4.91 491 0.60329 0.0429361 0.608978 0.477971
5 500 0.610272 0.0434956 0.615968 0.4826
5.09 509 0.61729 0.0440868 0.622986 0.487444
5.19 519 0.624745 0.0447348 0.630541 0.492247
5.29 529 0.631813 0.0453941 0.637654 0.497203
5.38 538 0.63816 0.04596 0.644112 0.501089
5.48 548 0.645502 0.0466147 0.651677 0.505353
5.59 559 0.65361 0.0473429 0.660027 0.510515
5.69 569 0.660941 0.0480786 0.667299 0.516779
5.8 580 0.668859 0.0488008 0.675254 0.522597
5.9 590 0.675928 0.0494408 0.682367 0.52741
6.01 601 0.683751 0.0501376 0.6902 0.532838
6.13 613 0.692071 0.0509171 0.698537 0.538466
6.24 624 0.699354 0.0516279 0.705839 0.544185
6.36 636 0.707527 0.0525528 0.71397 0.550708
6.47 647 0.71491 0.0533671 0.721294 0.556587
6.59 659 0.722999 0.0543193 0.729457 0.562393
6.72 672 0.731736 0.0552955 0.738286 0.568227
6.84 684 0.73944 0.0560484 0.745988 0.574346
6.97 697 0.748231 0.0568782 0.754686 0.580772
7.1 710 0.757078 0.0577155 0.763516 0.586062
7.23 723 0.765477 0.0586871 0.771816 0.591933
7.36 736 0.773314 0.0595331 0.779632 0.597502
7.5 750 0.782169 0.0606463 0.788672 0.603383
7.64 764 0.790876 0.0615464 0.797645 0.608175
7.78 778 0.799167 0.0624407 0.80619 0.613532
7.93 793 0.807963 0.0633844 0.815265 0.619592
8.08 808 0.816452 0.0641526 0.823944 0.624278
8.23 823 0.825708 0.0651564 0.833147 0.630022
8.38 838 0.834689 0.0661295 0.842093 0.635338
8.53 853 0.843866 0.0669879 0.851168 0.641874
8.69 869 0.853281 0.0679105 0.860619 0.648011
8.86 886 0.862967 0.0690771 0.870436 0.654322
9.02 902 0.872571 0.0700716 0.880081 0.661359
9.19 919 0.882325 0.0711992 0.889991 0.667319
9.36 936 0.891727 0.0722808 0.899493 0.673302
9.53 953 0.901404 0.0732228 0.909326 0.679261
9.71 971 0.910925 0.0743506 0.918939 0.685713
9.89 989 0.920103 0.075479 0.928101 0.691867
10.07 1007 0.929818 0.0766351 0.93783 0.697883
10.26 1026 0.941114 0.0778935 0.949076 0.70577
10.45 1045 0.951518 0.0793062 0.959484 0.713216
10.65 1065 0.962087 0.0806398 0.97004 0.719655
10.85 1085 0.972594 0.0819347 0.98063 0.726448
11.05 1105 0.982986 0.0830833 0.991223 0.732533
11.25 1125 0.992628 0.0841759 1.00075 0.739861
11.46 1146 1.00322 0.0852517 1.01099 0.748988
11.67 1167 1.01362 0.0864901 1.02137 0.756695
11.89 1189 1.02473 0.0881627 1.03239 0.764669
12.11 1211 1.0357 0.0896802 1.04333 0.771811
12.34 1234 1.04691 0.0909383 1.05444 0.779616
12.57 1257 1.05823 0.0924505 1.06559 0.787074
12.8 1280 1.06903 0.093627 1.07653 0.794431
13.04 1304 1.08033 0.0950826 1.08779 0.801775
13.28 1328 1.09107 0.0966741 1.09841 0.810163
13.53 1353 1.10153 0.0981377 1.10894 0.815451
13.78 1378 1.11213 0.0996415 1.11957 0.822378
14.04 1404 1.12381 0.100681 1.1309 0.829819
14.3 1430 1.13475 0.101922 1.14182 0.838206
14.57 1457 1.14616 0.103318 1.15329 0.844927
14.84 1484 1.15826 0.105038 1.16539 0.852445
15.11 1511 1.16967 0.106916 1.17692 0.858963
15.39 1539 1.18154 0.108601 1.18872 0.866994
15.68 1568 1.19453 0.110319 1.20152 0.875326
15.97 1597 1.20678 0.112039 1.2137 0.884478
16.27 1627 1.21935 0.11347 1.22635 0.892049
16.57 1657 1.23155 0.115239 1.23821 0.901383
16.88 1688 1.24473 0.117164 1.25144 0.911409
17.19 1719 1.25819 0.119109 1.26488 0.919879
17.51 1751 1.27137 0.12103 1.27813 0.928925
17.84 1784 1.28434 0.123117 1.29114 0.936784
18.17 1817 1.29745 0.124941 1.30418 0.945795
18.51 1851 1.31102 0.126426 1.31758 0.955385
18.85 1885 1.32323 0.128243 1.32994 0.960864
19.2 1920 1.33546 0.129898 1.34161 0.9725
19.56 1956 1.34818 0.131177 1.35444 0.979663
19.93 1993 1.36155 0.133364 1.36764 0.988552
20.3 2030 1.37571 0.135441 1.38188 0.997588
20.67 2067 1.38926 0.137732 1.39528 1.00515
21.06 2106 1.40286 0.13989 1.40848 1.01618
21.45 2145 1.41602 0.142194 1.42118 1.02571
21.85 2185 1.43084 0.144032 1.43557 1.0353
22.26 2226 1.44565 0.146216 1.45038 1.04554
22.67 2267 1.45898 0.148059 1.46339 1.05638
23.09 2309 1.47432 0.150873 1.47896 1.06502
23.52 2352 1.48916 0.152941 1.49364 1.07326
23.96 2396 1.50348 0.155171 1.50761 1.08232
24.4 2440 1.51765 0.157334 1.522 1.08969
24.86 2486 1.5328 0.159739 1.53652 1.10125
25.32 2532 1.54802 0.162246 1.55202 1.1131
25.79 2579 1.56459 0.164996 1.56822 1.12529
26.27 2627 1.57865 0.167745 1.58221 1.13378
26.76 2676 1.593 0.169985 1.59621 1.14315
27.26 2726 1.61025 0.172399 1.61375 1.1532
27.77 2777 1.62673 0.174285 1.62992 1.1618
28.28 2828 1.64123 0.176981 1.6441 1.17233
28.81 2881 1.65985 0.180915 1.66283 1.18453
29.35 2935 1.67698 0.183672 1.67939 1.19845
29.89 2989 1.69346 0.186301 1.69503 1.21267
30.45 3045 1.71037 0.18915 1.71162 1.22439
31.01 3101 1.72481 0.191317 1.72654 1.23084
31.59 3159 1.7425 0.194276 1.74332 1.24817
32.18 3218 1.75958 0.196816 1.75948 1.25933
32.78 3278 1.77781 0.20005 1.77799 1.26715
33.39 3339 1.79359 0.202873 1.79334 1.28215
34.01 3401 1.81144 0.206504 1.81178 1.29115
34.64 3464 1.82814 0.20925 1.82788 1.30048
35.29 3529 1.84851 0.212761 1.84829 1.31146
35.94 3594 1.86606 0.215459 1.8651 1.32404
36.61 3661 1.88318 0.217584 1.88212 1.33045
37.29 3729 1.89851 0.220435 1.89692 1.34312
37.99 3799 1.91764 0.224049 1.91533 1.35729
38.69 3869 1.93585 0.226886 1.93303 1.36726
39.41 3941 1.95629 0.23084 1.95234 1.38632
40.15 4015 1.97573 0.233948 1.97212 1.39489
40.89 4089 1.99229 0.237632 1.98857 1.40339
41.66 4166 2.01059 0.24047 2.00621 1.4178
42.43 4243 2.03013 0.244506 2.02518 1.43186
43.22 4322 2.05095 0.249008 2.0452 1.44704
44.02 4402 2.07342 0.253141 2.06813 1.45432
44.84 4484 2.09509 0.257816 2.09013 1.47089
45.68 4568 2.11285 0.261859 2.10757 1.48224
46.53 4653 2.13423 0.266271 2.12937 1.49583
47.39 4739 2.15375 0.269336 2.14694 1.51458
48.28 4828 2.17315 0.273706 2.16634 1.52821
49.17 4917 2.19233 0.2766 2.18478 1.54073
50.09 5009 2.21305 0.280706 2.20528 1.55283
51.02 5102 2.23361 0.28391 2.22502 1.56759
51.97 5197 2.25266 0.288243 2.24357 1.58472
52.94 5294 2.27279 0.292065 2.26327 1.59606
53.92 5392 2.29414 0.295825 2.28429 1.60804
54.93 5493 2.31436 0.299306 2.3037 1.62514
55.95 5595 2.33663 0.302876 2.32554 1.63753
56.99 5699 2.35995 0.308214 2.34876 1.65292
58.05 5805 2.37865 0.309555 2.36693 1.66276
59.13 5913 2.40129 0.314666 2.38953 1.67773
60.23 6023 2.42569 0.319816 2.41344 1.69791
61.35 6135 2.44631 0.324437 2.4347 1.70896
62.49 6249 2.46814 0.328734 2.45553 1.72306
63.66 6366 2.49636 0.333219 2.48317 1.74189
64.84 6484 2.52288 0.339338 2.50868 1.76151
66.05 6605 2.54757 0.344867 2.5328 1.77949
67.28 6728 2.57054 0.349755 2.55544 1.79489
68.53 6853 2.59875 0.355246 2.58344 1.81269
69.8 6980 2.62272 0.360929 2.60635 1.82855
71.1 7110 2.64751 0.366749 2.6319 1.83794
72.43 7243 2.66937 0.370212 2.65302 1.8503
73.77 7377 2.69737 0.376402 2.67907 1.87034
75.15 7515 2.72136 0.381648 2.70335 1.88912
76.54 7654 2.74838 0.387228 2.72967 1.90956
77.97 7797 2.77368 0.39353 2.75439 1.92702
79.42 7942 2.79944 0.399645 2.77983 1.94532
80.9 8090 2.82482 0.404436 2.80444 1.9519
82.4 8240 2.8551 0.411804 2.83399 1.97901
83.94 8394 2.87935 0.416871 2.857 1.99498
85.5 8550 2.90282 0.422802 2.87957 2.01234
87.09 8709 2.92899 0.425811 2.90455 2.0328
88.71 8871 2.95612 0.432247 2.93235 2.04743
90.36 9036 2.98326 0.43851 2.95892 2.06257
92.04 9204 3.01332 0.445749 2.98824 2.08487
93.76 9376 3.04147 0.453076 3.01553 2.10006
95.5 9550 3.07026 0.45679 3.04418 2.11375
97.28 9728 3.10054 0.461945 3.07398 2.13898
99.09 9909 3.12904 0.469061 3.10235 2.15149
100.93 10093 3.1568 0.474967 3.12948 2.1681
102.81 10281 3.18401 0.481548 3.15606 2.1859
104.72 10472 3.2137 0.488678 3.18503 2.20454
106.67 10667 3.24602 0.496917 3.21695 2.22662
108.66 10866 3.27629 0.50524 3.24729 2.2432
110.68 11068 3.3036 0.513155 3.27243 2.26591
112.74 11274 3.34074 0.520176 3.30812 2.29498
114.84 11484 3.37042 0.528096 3.33829 2.31193
116.97 11697 3.39896 0.534124 3.36523 2.33164
119.15 11915 3.43115 0.542027 3.39638 2.34883
121.37 12137 3.46632 0.551903 3.43093 2.37579
123.63 12363 3.4963 0.558267 3.46019 2.39257
125.93 12593 3.52125 0.561447 3.48457 2.40479
128.27 12827 3.55671 0.569326 3.51771 2.43456
130.66 13066 3.59216 0.580216 3.554 2.45372
133.09 13309 3.62593 0.589913 3.58803 2.46375
135.57 13557 3.65686 0.596159 3.61764 2.4969
138.09 13809 3.69247 0.605409 3.65331 2.52034
140.66 14066 3.72968 0.614985 3.68823 2.54488
143.28 14328 3.7689 0.622854 3.72683 2.56486
145.94 14594 3.79812 0.630237 3.75263 2.58936
148.66 14866 3.83604 0.640761 3.78944 2.6179
151.42 15142 3.86755 0.64833 3.82064 2.64358
154.24 15424 3.91175 0.660979 3.86268 2.6763
157.11 15711 3.95099 0.670249 3.89952 2.70504
160.04 16004 3.98507 0.683017 3.93155 2.73295
163.01 16301 4.02388 0.693249 3.9707 2.75491
166.05 16605 4.05887 0.703196 4.00633 2.76671
169.14 16914 4.10469 0.715878 4.04953 2.80465
172.29 17229 4.14194 0.725417 4.08649 2.82727
175.49 17549 4.18544 0.737363 4.12996 2.86028
178.76 17876 4.22549 0.749271 4.16864 2.88704
182.08 18208 4.25934 0.757735 4.20402 2.89625
185.47 18547 4.29536 0.764078 4.23722 2.92831
188.92 18892 4.33786 0.778056 4.27935 2.95808
192.44 19244 4.37452 0.785819 4.31533 2.97764
196.02 19602 4.41021 0.793993 4.34932 3.00039
199.67 19967 4.45324 0.804128 4.39187 3.0259
203.39 20339 4.49115 0.817105 4.42906 3.05476
207.17 20717 4.53709 0.831079 4.47472 3.08747
211.03 21103 4.57761 0.843855 4.51142 3.12069
214.95 21495 4.62517 0.857686 4.55702 3.1588
218.95 21895 4.66099 0.867209 4.5931 3.17869
223.03 22303 4.70302 0.87775 4.63408 3.20868
227.18 22718 4.7478 0.89215 4.67616 3.24161
231.41 23141 4.78554 0.904024 4.71197 3.26502
235.71 23571 4.82719 0.91577 4.75195 3.28602
240.1 24010 4.86923 0.92803 4.79016 3.32726
244.57 24457 4.91245 0.942686 4.83248 3.35655
249.12 24912 4.95443 0.954972 4.87572 3.37291
253.75 25375 5.0001 0.96672 4.91986 3.4114
258.48 25848 5.04524 0.980395 4.96263 3.43631
263.29 26329 5.08423 0.98971 4.99957 3.46917
268.19 26819 5.13594 1.00359 5.05006 3.50992
273.18 27318 5.1787 1.01619 5.0915 3.54652
278.26 27826 5.21782 1.0285 5.13108 3.5641
283.44 28344 5.26214 1.04364 5.17252 3.58434
288.71 28871 5.30837 1.05671 5.2183 3.62216
294.09 29409 5.35023 1.07111 5.25887 3.65527
299.56 29956 5.39601 1.08748 5.30374 3.68534
305.13 30513 5.44476 1.09721 5.35347 3.70931
310.81 31081 5.49119 1.11166 5.39905 3.73694
316.6 31660 5.52693 1.12003 5.4327 3.76244
322.49 32249 5.57555 1.13804 5.48008 3.79991
328.49 32849 5.61786 1.15249 5.51831 3.81948
334.6 33460 5.66856 1.16902 5.56768 3.86159
340.83 34083 5.73055 1.19131 5.63042 3.89593
347.17 34717 5.78034 1.21059 5.67785 3.93544
353.63 35363 5.83892 1.22873 5.73727 3.96978
360.22 36022 5.87797 1.24528 5.77076 4.00868
366.92 36692 5.93353 1.26548 5.82307 4.04595
373.75 37375 5.97865 1.27514 5.86813 4.09087
380.7 38070 6.02919 1.29209 5.91599 4.12735
387.79 38779 6.08706 1.31003 5.9719 4.17742
395 39500 6.14095 1.33197 6.02512 4.21392
402.36 40236 6.19688 1.35542 6.07908 4.25383
409.84 40984 6.24971 1.37742 6.1308 4.30582
417.47 41747 6.2999 1.39649 6.18147 4.31426
425.24 42524 6.34334 1.41094 6.22104 4.36625
433.15 43315 6.38126 1.42653 6.25904 4.39459
441.21 44121 6.42982 1.43858 6.30582 4.42271
449.43 44943 6.47748 1.45835 6.35088 4.45479
457.79 45779 6.52886 1.47467 6.39996 4.50567
466.31 46631 6.59192 1.50865 6.46111 4.56261
474.99 47499 6.64651 1.52981 6.51559 4.59727
483.83 48383 6.70617 1.55567 6.57416 4.65031
492.83 49283 6.77047 1.57463 6.63658 4.7049
502 50200 6.80514 1.58403 6.6701 4.73374
511.34 51134 6.8603 1.6045 6.72524 4.76655
520.86 52086 6.90411 1.61781 6.7683 4.79102
530.55 53055 6.95444 1.63402 6.81802 4.84541
540.43 54043 7.00844 1.64664 6.87109 4.87896
550.48 55048 7.06343 1.66542 6.91862 4.9356
560.73 56073 7.13378 1.69068 6.98795 4.98783
571.16 57116 7.2045 1.72088 7.05562 5.06791
581.79 58179 7.24593 1.7387 7.09878 5.08135
592.62 59262 7.29954 1.75899 7.15275 5.1036
603.74 60374 7.36061 1.7819 7.20949 5.16992
614.97 61497 7.4106 1.80078 7.2561 5.19889
626.4 62640 7.46513 1.81399 7.30839 5.23835
638.05 63805 7.51175 1.81836 7.35304 5.27775
649.91 64991 7.57747 1.85512 7.41914 5.33662
661.99 66199 7.62938 1.87255 7.47113 5.36672
674.3 67430 7.67852 1.88733 7.51555 5.40509
686.83 68683 7.73329 1.911 7.56596 5.467
699.6 69960 7.79807 1.93253 7.63251 5.50972
712.74 71274 7.87356 1.97368 7.70541 5.57663
725.99 72599 7.92388 2.00089 7.75512 5.61424
739.49 73949 8.00377 2.04106 7.83369 5.67422
753.24 75324 8.05205 2.05524 7.88237 5.70086
767.24 76724 8.12263 2.08456 7.94925 5.76307
781.5 78150 8.1773 2.10107 7.99998 5.82965
796.03 79603 8.24226 2.13772 8.06331 5.86563
810.83 81083 8.29176 2.1442 8.10775 5.91524
825.91 82591 8.3576 2.17949 8.17389 5.9726
841.26 84126 8.41673 2.20256 8.2294 6.03256
857.06 85706 8.47137 2.21951 8.28394 6.07852
873 87300 8.52741 2.23557 8.3382 6.11654
889.23 88923 8.59776 2.26834 8.40796 6.1767
905.76 90576 8.6739 2.2975 8.47954 6.24422
922.6 92260 8.72373 2.32016 8.5285 6.3033
939.75 93975 8.79234 2.36008 8.59506 6.37175
957.22 95722 8.82666 2.35883 8.62553 6.40329
975.02 97502 8.85433 2.36409 8.65189 6.41099
993.14 99314 8.9514 2.4109 8.74406 6.48187
1011.61 101161 9.00016 2.43189 8.79247 6.51969
1030.42 103042 9.06016 2.46596 8.85157 6.58269
1049.77 104977 9.11517 2.494 8.90252 6.6322
1069.28 106928 9.1972 2.5294 8.97936 6.71477
1089.16 108916 9.23815 2.54628 9.02072 6.73207
1109.41 110941 9.31014 2.5858 9.09281 6.79877
1130.04 113004 9.39428 2.62609 9.17147 6.87954
1151.05 115105 9.48458 2.66475 9.26128 6.9571
1172.45 117245 9.55551 2.70582 9.33144 7.04997
1194.24 119424 9.61231 2.72696 9.387 7.08206
1216.45 121645 9.67138 2.74759 9.44438 7.11666
1239.29 123929 9.73011 2.77393 9.49858 7.18681
1262.33 126233 9.76146 2.7923 9.53295 7.23807
1285.8 128580 9.82192 2.81261 9.58992 7.27919
1309.7 130970 9.8766 2.82432 9.64356 7.30905
1334.05 133405 9.95024 2.85353 9.70885 7.40579
1358.85 135885 10.0162 2.88264 9.77466 7.45131
1384.12 138412 10.0979 2.91736 9.85681 7.50951
1409.85 140985 10.1683 2.93377 9.92299 7.59465
1436.06 143606 10.1957 2.93718 9.94674 7.61826
1462.76 146276 10.2742 2.97409 10.0285 7.71466
1489.96 148996 10.3268 2.99584 10.0803 7.75406
1517.94 151794 10.4015 3.02296 10.1494 7.79618
1546.16 154616 10.4476 3.03527 10.1955 7.85877
1574.9 157490 10.5335 3.08553 10.2819 7.9227
1604.18 160418 10.5488 3.0758 10.2991 7.93181
1634.01 163401 10.609 3.11482 10.3544 7.99698
1664.38 166438 10.6776 3.14908 10.4259 8.03914
1695.33 169533 10.7557 3.18432 10.5026 8.12047
1726.85 172685 10.8132 3.22582 10.5566 8.15373
1758.95 175895 10.8754 3.25315 10.6172 8.2365
1791.98 179198 10.95 3.28819 10.6909 8.30821
1825.3 182530 10.9671 3.29863 10.7039 8.34753
1859.23 185923 11.0385 3.32288 10.7671 8.39806
1893.8 189380 11.1132 3.36726 10.8412 8.4495
1929.01 192901 11.1927 3.40457 10.9192 8.53022
1964.87 196487 11.2698 3.44813 10.9915 8.59385
2001.4 200140 11.3685 3.50185 11.0894 8.68897
2038.61 203861 11.4262 3.53125 11.1468 8.73678
2076.51 207651 11.5142 3.58313 11.2284 8.84602
2115.12 211512 11.564 3.61989 11.2813 8.89441
2154.44 215444 11.569 3.61298 11.2817 8.88418
2194.9 219490 11.6182 3.62787 11.3287 8.93195
2235.7 223570 11.6672 3.66625 11.377 8.99625
2277.27 227727 11.6901 3.65597 11.4031 8.98524
2319.61 231961 11.7656 3.67433 11.4753 9.07567
2362.73 236273 11.8419 3.70861 11.5471 9.1306
2406.66 240666 11.9055 3.72816 11.6078 9.18832
2451.4 245140 11.9968 3.78308 11.6958 9.25324
2496.98 249698 12.0875 3.84409 11.7873 9.34819
2543.4 254340 12.1639 3.88393 11.8592 9.45384
2590.69 259069 12.2217 3.91524 11.9135 9.52221
2639.34 263934 12.296 3.9489 11.9859 9.61061
2688.41 268841 12.338 3.96118 12.032 9.61493
2738.39 273839 12.4245 4.01482 12.1071 9.73453
2789.3 278930 12.5172 4.06479 12.1942 9.80369
2841.16 284116 12.6029 4.1254 12.2803 9.87189
2893.98 289398 12.7042 4.16907 12.3776 9.99033
2947.78 294778 12.75 4.21261 12.4241 10.0481
3002.59 300259 12.8459 4.26619 12.5185 10.1392
3058.41 305841 12.9887 4.3338 12.6657 10.2414
3115.27 311527 13.0726 4.38302 12.7435 10.3475
3173.77 317377 13.1032 4.41751 12.7752 10.4076
3232.78 323278 13.1893 4.45441 12.864 10.4901
3292.88 329288 13.2843 4.51263 12.9534 10.5513
3354.1 335410 13.3772 4.56853 13.043 10.6151
3416.46 341646 13.4327 4.59598 13.0999 10.6859
3479.97 347997 13.4503 4.60145 13.114 10.7302
3544.67 354467 13.4947 4.6272 13.1527 10.7851
3610.57 361057 13.63 4.69733 13.2898 10.9116
3677.7 367770 13.7126 4.74282 13.3641 10.9955
3746.07 374607 13.7941 4.80336 13.44 11.0895
3816.42 381642 13.8495 4.81308 13.491 11.1602
3887.38 388738 13.8933 4.83545 13.5311 11.1907
3959.65 395965 13.9948 4.90497 13.6313 11.2712
4033.26 403326 14.0711 4.9402 13.7057 11.3743
4108.25 410825 14.1249 4.97857 13.7544 11.4055
4184.63 418463 14.2405 5.03571 13.8703 11.5134
4262.43 426243 14.3493 5.09897 13.9818 11.6243
4341.67 434167 14.4546 5.17451 14.0792 11.7218
4422.39 442239 14.5225 5.21506 14.149 11.7866
4504.61 450461 14.586 5.26655 14.2137 11.8368
4589.2 458920 14.6176 5.27273 14.2406 11.8998
4674.52 467452 14.6499 5.2717 14.2725 11.9052
4761.43 476143 14.7027 5.32344 14.3235 11.9959
4849.95 484995 14.8772 5.4377 14.4981 12.1495
4940.12 494012 14.9581 5.47297 14.5709 12.252
5031.96 503196 14.9773 5.45592 14.5819 12.3198
5125.52 512552 15.0726 5.50887 14.6806 12.3754
5220.81 522081 15.1701 5.59295 14.7792 12.473
5317.87 531787 15.2306 5.61575 14.8383 12.5375
5416.74 541674 15.2663 5.64319 14.8726 12.5746
5518.46 551846 15.3288 5.66222 14.9309 12.6422
5621.06 562106 15.4826 5.74977 15.0778 12.7813
5725.56 572556 15.5512 5.82123 15.1429 12.8378
5832.01 583201 15.5983 5.83576 15.1874 12.8888
5940.43 594043 15.6338 5.85052 15.2262 12.9257
6050.87 605087 15.7348 5.90459 15.3133 13.0339
6163.37 616337 15.8352 5.96408 15.4183 13.0961
6277.96 627796 15.8548 5.98623 15.4411 13.083
6394.67 639467 15.9293 6.0156 15.5046 13.1969
6513.56 651356 16.0057 6.07564 15.5788 13.2987
6635.88 663588 16.0612 6.0719 15.627 13.3784
6759.25 675925 16.1231 6.08171 15.6972 13.3601
6884.92 688492 16.1734 6.1238 15.7352 13.4359
7012.92 701292 16.2549 6.19012 15.8267 13.5083
7143.3 714330 16.4678 6.33189 16.0281 13.7781
7276.1 727610 16.5858 6.41157 16.146 13.8986
7411.38 741138 16.6829 6.49078 16.237 13.9567
7549.17 754917 16.7611 6.56414 16.3179 14.0644
7689.52 768952 16.89 6.63955 16.4466 14.1915
7832.48 783248 16.8516 6.61931 16.4002 14.1836
7979.57 797957 16.9557 6.65208 16.5037 14.3244
8127.92 812792 17.0079 6.72124 16.5667 14.3671
8279.03 827903 17.1208 6.82023 16.6782 14.455
8432.95 843295 17.2602 6.86643 16.8121 14.6122
8589.73 858973 17.3549 6.932 16.9059 14.6605
8749.43 874943 17.4452 6.98721 16.9909 14.8125
8912.09 891209 17.6175 7.11508 17.1571 14.9569
9077.78 907778 17.5872 7.09962 17.1317 14.9495
9246.55 924655 17.6472 7.13801 17.1971 14.9663
9418.46 941846 17.7375 7.19633 17.2853 15.0914
9595.33 959533 17.7619 7.2014 17.2952 15.1081
9773.73 977373 18.0004 7.36323 17.5247 15.3776
9955.43 995543 18.0455 7.39715 17.5742 15.3859
10140.5 1.01405e+06 18.1235 7.43207 17.6566 15.4767
10329 1.0329e+06 18.2233 7.54794 17.76 15.6174
10521.1 1.05211e+06 18.265 7.58725 17.7957 15.6357
10716.7 1.07167e+06 18.2701 7.52878 17.7974 15.6257
10915.9 1.09159e+06 18.1956 7.41658 17.7247 15.5837
11118.9 1.11189e+06 18.2351 7.43236 17.7575 15.6243
11325.6 1.13256e+06 18.3973 7.54024 17.9237 15.7813
11538.3 1.15383e+06 18.481 7.59745 18.0041 15.8751
11752.8 1.17528e+06 18.643 7.68634 18.1566 16.0583
11971.3 1.19713e+06 18.7286 7.72212 18.2387 16.1316
12193.9 1.21939e+06 18.8246 7.78869 18.3341 16.2661
12420.6 1.24206e+06 18.7755 7.71166 18.2772 16.1483
12651.5 1.26515e+06 18.8952 7.83386 18.4025 16.298
12886.7 1.28867e+06 18.9963 7.88704 18.5063 16.4103
13126.3 1.31263e+06 19.1451 7.93517 18.6441 16.559
13370.3 1.33703e+06 19.1827 7.98299 18.6765 16.6221
13618.9 1.36189e+06 19.4425 8.18146 18.9315 16.8753
13874.6 1.38746e+06 19.5097 8.18777 18.9959 16.9668
14132.6 1.41326e+06 19.6743 8.31894 19.1534 17.1042
14395.3 1.43953e+06 19.743 8.38918 19.2356 17.1586
14663 1.4663e+06 19.8645 8.463 19.3504 17.3198
14935.6 1.49356e+06 19.9768 8.56594 19.4625 17.4777
15213.2 1.52132e+06 20.0707 8.63485 19.5593 17.5309
15496.1 1.54961e+06 20.1948 8.72158 19.6879 17.6525
15784.2 1.57842e+06 20.3434 8.88994 19.8368 17.8325
16077.6 1.60776e+06 20.3692 8.80302 19.849 17.839
16376.5 1.63765e+06 20.5215 8.89412 19.9973 17.9903
16681 1.6681e+06 20.6657 8.97682 20.1335 18.1947
16994.3 1.69943e+06 20.6311 8.92676 20.1012 18.1699
17310.2 1.73102e+06 20.7623 9.00329 20.2315 18.2526
17632 1.7632e+06 20.7284 8.96459 20.1932 18.2407
17959.8 1.79598e+06 20.929 9.15212 20.4001 18.431
18293.8 1.82938e+06 21.1738 9.32285 20.6405 18.6339
18633.9 1.86339e+06 21.3552 9.44074 20.818 18.8683
18980.3 1.89803e+06 21.7376 9.79447 21.195 19.231
19333.2 1.93332e+06 21.7902 9.8102 21.2479 19.286
19692.6 1.96926e+06 21.9064 9.8777 21.3468 19.4461
20058.7 2.00587e+06 22.0082 9.93006 21.4529 19.5474
20435.4 2.04354e+06 22.2409 10.1613 21.6798 19.8304
20815.3 2.08153e+06 22.5127 10.3425 21.945 20.0543
21202.3 2.12023e+06 22.9316 10.6516 22.3645 20.4756
21596.5 2.15965e+06 22.9493 10.6858 22.3857 20.4785
21998 2.1998e+06 23.0764 10.7717 22.5047 20.6104
22407 2.2407e+06 23.2289 10.9087 22.6635 20.7778
22823.6 2.28236e+06 23.2841 10.9334 22.715 20.8458
23247.9 2.32479e+06 23.4032 10.9759 22.8135 21.0017
23680.1 2.36801e+06 23.5909 11.1649 23.0086 21.2209
24120.4 2.41204e+06 23.6621 11.1887 23.0775 21.2651
24573.3 2.45733e+06 23.97 11.4377 23.3813 21.6502
25030.2 2.50302e+06 24.1694 11.5872 23.5861 21.7578
25495.5 2.54955e+06 24.6072 11.964 24.0152 22.2291
25969.5 2.59695e+06 24.692 11.9732 24.0822 22.3078
26452.3 2.64524e+06 24.4762 11.7385 23.8659 22.1259
26944.1 2.69441e+06 24.5441 11.7586 23.9402 22.1797
27445.1 2.74451e+06 24.5148 11.5908 23.8906 22.2088
27955.3 2.79553e+06 24.6611 11.711 24.039 22.3312
28475.1 2.84751e+06 25.1057 12.1307 24.4862 22.7732
29004.5 2.90044e+06 25.304 12.2563 24.6742 23.0283
29549.1 2.95491e+06 25.6492 12.6197 25.0245 23.2857
30098.5 3.00985e+06 25.8842 12.7944 25.2578 23.5692
30658.1 3.06581e+06 26.0275 12.8781 25.3868 23.761
31228.1 3.12281e+06 26.1218 12.9548 25.4917 23.8024
31808.6 3.18086e+06 26.6482 13.3728 26.008 24.3481
32400 3.24e+06 26.8784 13.5722 26.2343 24.6164
33002.4 3.30024e+06 26.7314 13.3823 26.0752 24.5186
33615.9 3.3616e+06 27.0954 13.6554 26.4291 24.8643
34240.9 3.42409e+06 27.1364 13.6387 26.4696 24.9222
34877.5 3.48775e+06 27.1924 13.6674 26.5333 25.024
35532.5 3.55325e+06 27.3693 13.7696 26.7019 25.1666
36193.1 3.61931e+06 27.5042 13.7944 26.8308 25.2981
36866 3.6866e+06 27.6421 13.9369 26.9648 25.3848
37551.4 3.75514e+06 28.1183 14.3032 27.4438 25.8886
38249.5 3.82495e+06 28.4747 14.6237 27.79 26.3108
38960.6 3.89606e+06 28.7162 14.8027 28.0206 26.5507
39685 3.9685e+06 28.7207 14.7049 28.0215 26.5305
40422.8 4.04228e+06 28.6909 14.6289 27.9888 26.5474
41174.3 4.11743e+06 28.9081 14.8626 28.2177 26.7226
41939.8 4.19398e+06 29.0915 14.9956 28.3857 27.0078
42727.4 4.27274e+06 29.3541 15.2473 28.6587 27.221
43521.8 4.35218e+06 29.4522 15.2156 28.7346 27.3523
44330.9 4.43309e+06 29.6238 15.3523 28.8854 27.5383
45155.1 4.51551e+06 29.9009 15.6036 29.1731 27.7903
45994.6 4.59946e+06 30.0629 15.7728 29.3359 27.9806
46849.7 4.68497e+06 30.6153 16.2406 29.889 28.5038
47720.7 4.77207e+06 30.6895 16.2354 29.9477 28.5831
48607.9 4.86079e+06 30.6825 16.0963 29.9307 28.6509
49511.6 4.95116e+06 31.2299 16.5729 30.4748 29.2256
50432.1 5.04321e+06 31.289 16.5793 30.5456 29.2204
51379.2 5.13792e+06 31.4303 16.5717 30.6789 29.3686
52334.4 5.23344e+06 32.0466 17.1351 31.2805 29.9821
53307.4 5.33074e+06 32.7912 17.8821 32.0243 30.7652
54298.4 5.42984e+06 33.0906 18.0874 32.3181 31.1162
55307.9 5.53079e+06 33.1765 18.0607 32.3959 31.2212
56336.2 5.63362e+06 32.9646 17.8394 32.1786 30.9871
57383.6 5.73836e+06 33.1047 17.9432 32.317 31.1839
58450.4 5.84504e+06 32.9787 17.795 32.1923 31.0141
59537.1 5.95371e+06 33.3672 18.0476 32.5728 31.3908
60644 6.0644e+06 33.5539 18.1816 32.7409 31.5531
61782.8 6.17828e+06 33.8059 18.4629 33.0018 31.8629
62931.5 6.29315e+06 34.1146 18.6325 33.3004 32.1908
64101.5 6.41015e+06 34.4759 18.9606 33.6701 32.5853
65293.2 6.52932e+06 34.5389 18.8982 33.7256 32.6856
66507.1 6.65071e+06 35.2966 19.5172 34.4664 33.3907
67743.6 6.77436e+06 35.6664 19.7864 34.8252 33.7952
69003.1 6.90031e+06 35.9691 19.9643 35.1089 34.1485
70285.9 7.0286e+06 35.9451 19.8914 35.0965 34.067
71592.7 7.15927e+06 36.011 19.9022 35.1437 34.1192
72923.7 7.29237e+06 36.7448 20.5944 35.8878 34.9065
74293.1 7.42931e+06 36.9126 20.687 36.0505 35.0951
75674.4 7.56744e+06 37.159 20.9328 36.2934 35.4098
77081.3 7.70813e+06 37.7074 21.3697 36.8354 35.8593
78514.3 7.85143e+06 38.4499 21.9399 37.5614 36.6465
79974 7.9974e+06 39.1986 22.687 38.3232 37.3717
81460.9 8.14609e+06 39.5058 22.8702 38.6254 37.7554
82975.4 8.29754e+06 40.3932 23.6847 39.5116 38.6262
84518 8.4518e+06 40.7031 23.8987 39.8216 38.9058
86089.3 8.60893e+06 40.8726 24.038 39.9702 39.1205
87689.9 8.76899e+06 41.0699 24.1444 40.1601 39.3627
89336.6 8.93366e+06 41.9316 24.9278 41.0233 40.2172
90997.5 9.09975e+06 42.8111 25.6959 41.8839 41.0683
92689.3 9.26893e+06 43.2008 26.007 42.2582 41.4963
94412.6 9.44126e+06 43.4377 26.2185 42.5105 41.751
96167.8 9.61678e+06 44.324 27.0011 43.3882 42.6267
97955.8 9.79558e+06 45.2492 27.9331 44.3262 43.5805
99776.9 9.97769e+06 45.9372 28.4978 45.0007 44.2551
101632 1.01632e+07 46.8961 29.3861 45.9505 45.1925
103521 1.03521e+07 47.0746 29.3651 46.1206 45.3524
105446 1.05446e+07 47.3386 29.6384 46.393 45.7025
107426 1.07426e+07 47.7959 30.0407 46.8606 46.1286
109423 1.09423e+07 47.3846 29.5149 46.3879 45.8039
111458 1.11458e+07 48.4193 30.3956 47.4573 46.8572
113530 1.1353e+07 48.5688 30.4873 47.6069 47.002
115641 1.15641e+07 49.3524 31.2282 48.3749 47.8252
117791 1.17791e+07 49.1347 30.8893 48.1168 47.5757
119981 1.19981e+07 49.4145 31.0024 48.4139 47.8422
122211 1.22211e+07 49.5143 31.0562 48.5101 47.8842
124483 1.24483e+07 50.1999 31.7646 49.2047 48.6939
126798 1.26798e+07 50.9318 32.4614 49.9276 49.4039
129155 1.29155e+07 50.9309 32.273 49.9254 49.3082
131580 1.3158e+07 51.5718 32.8719 50.5648 50.0498
134027 1.34027e+07 51.6776 32.8241 50.6426 50.2726
136518 1.36518e+07 51.8606 32.9574 50.8256 50.3552
139057 1.39057e+07 52.4329 33.4079 51.4026 50.9387
141642 1.41642e+07 52.7868 33.7628 51.748 51.2703
144275 1.44275e+07 53.0824 33.9025 52.0181 51.6185
146957 1.46957e+07 53.3594 34.2216 52.3143 51.9306
149690 1.4969e+07 54.468 35.2403 53.4153 52.9631
152473 1.52473e+07 55.3145 36.0296 54.2763 53.7904
155307 1.55307e+07 55.9625 36.6611 54.9203 54.54
158224 1.58224e+07 55.8459 36.3052 54.7602 54.5
161166 1.61166e+07 56.6959 37.1286 55.6301 55.3058
164162 1.64162e+07 57.0005 37.3861 55.923 55.5116
167214 1.67214e+07 57.6991 38.0158 56.6164 56.25
170323 1.70323e+07 58.4699 38.6702 57.3815 57.012
173489 1.73489e+07 58.9877 39.2142 57.9005 57.6277
176715 1.76715e+07 60.0344 40.1099 58.9192 58.6149
180000 1.8e+07 60.7138 40.7793 59.5987 59.3072
183347 1.83347e+07 60.4115 40.5465 59.3183 59.0372
186755 1.86755e+07 61.9495 41.9737 60.8512 60.6058
190262 1.90262e+07 62.49 42.4703 61.3723 61.1309
193800 1.938e+07 63.5184 43.4477 62.4126 62.0682
197403 1.97403e+07 63.507 43.4143 62.3935 62.1767
201073 2.01073e+07 64.9963 44.8841 63.885 63.6257
204811 2.04811e+07 66.2918 46.0505 65.1693 64.9488
208619 2.08619e+07 66.9011 46.6225 65.7761 65.5976
212497 2.12497e+07 67.2427 47.0729 66.1255 65.9568
216448 2.16448e+07 68.1629 47.8098 67.0361 66.8466
220472 2.20472e+07 69.7318 49.3084 68.6004 68.4157
224571 2.24571e+07 70.1327 49.6838 69.0121 68.7444
228788 2.28788e+07 71.4206 50.85 70.3009 70.0686
233042 2.33042e+07 72.3152 51.8159 71.2009 71.0384
237374 2.37374e+07 74.0662 53.5491 72.92 72.7366
241788 2.41788e+07 74.6073 53.9588 73.4799 73.3038
246283 2.46283e+07 75.6475 54.8317 74.5178 74.4033
250861 2.50861e+07 77.7325 56.8608 76.5871 76.4232
255525 2.55525e+07 78.4032 57.5001 77.233 77.0963
260276 2.60276e+07 80.6703 59.7365 79.5031 79.4296
265115 2.65115e+07 82.1933 61.1519 81.0191 80.9396
270044 2.70044e+07 81.7564 60.7523 80.6031 80.5204
275115 2.75115e+07 83.2883 62.2545 82.1436 81.9965
280230 2.8023e+07 85.0585 63.8046 83.8819 83.8284
285440 2.8544e+07 87.3063 66.1544 86.1531 86.1074
290747 2.90747e+07 88.9713 67.8134 87.8022 87.7323
296152 2.96152e+07 89.1006 67.8932 87.9148 87.8616
301658 3.01658e+07 88.457 67.2378 87.2675 87.2077
307266 3.07266e+07 90.1193 68.8812 88.9076 88.9124
312979 3.12979e+07 90.6048 69.2848 89.4444 89.3771
318798 3.18798e+07 91.3077 70.1365 90.1194 90.0668
324725 3.24725e+07 91.0257 69.6871 89.8167 89.8826
330823 3.30823e+07 92.6021 71.3244 91.4151 91.4433
336973 3.36973e+07 93.9829 72.6474 92.7605 92.7892
343238 3.43238e+07 93.9706 72.6409 92.792 92.8532
349619 3.49619e+07 96.6654 75.307 95.46 95.5602
356119 3.56119e+07 98.0044 76.6002 96.816 96.8044
362740 3.6274e+07 99.799 78.2675 98.6079 98.6274
369484 3.69484e+07 100.565 78.9534 99.3577 99.4687
376353 3.76353e+07 100.466 78.8535 99.2784 99.2263
383350 3.8335e+07 101.03 79.4965 99.8403 99.8506
390477 3.90477e+07 104.13 82.5038 102.932 103.027
397810 3.9781e+07 107.803 86.1393 106.601 106.602
405206 4.05206e+07 109.764 88.1413 108.565 108.56
412740 4.1274e+07 111.538 89.9749 110.347 110.224
420413 4.20413e+07 114.278 92.6751 113.075 113.076
428229 4.28229e+07 115.608 94.0865 114.397 114.387
436191 4.36191e+07 117.568 96.0875 116.376 116.376
444300 4.443e+07 120.599 99.168 119.444 119.39
452560 4.5256e+07 121.519 99.972 120.317 120.435
460974 4.60974e+07 124.605 103.005 123.404 123.402
469544 4.69544e+07 123.084 101.459 121.901 121.931
478362 4.78362e+07 123.476 101.921 122.267 122.342
487256 4.87256e+07 127.299 105.74 126.108 126.224
496314 4.96314e+07 129.09 107.449 127.904 127.847
505542 5.05542e+07 132.199 110.584 131.005 131.021
514941 5.14941e+07 134.268 112.69 133.09 132.975
524514 5.24514e+07 134.481 112.853 133.277 133.294
534266 5.34266e+07 136.593 114.966 135.426 135.565
544199 5.44199e+07 141.413 119.59 140.211 140.262
554316 5.54316e+07 143.174 121.414 141.971 141.954
564622 5.64622e+07 144.656 122.867 143.419 143.558
575225 5.75225e+07 146.941 125.06 145.703 145.832
585919 5.85919e+07 148.439 126.649 147.213 147.361
596812 5.96812e+07 147.942 126.146 146.757 146.775
607908 6.07908e+07 150.467 128.701 149.25 149.307
619210 6.1921e+07 152.153 130.316 150.93 151.057
630722 6.30722e+07 156.755 134.906 155.531 155.487
642448 6.42448e+07 157.295 135.684 156.073 156.29
654392 6.54392e+07 160.522 138.829 159.305 159.506
666558 6.66558e+07 165.425 143.639 164.212 164.338
678951 6.78951e+07 165.348 143.61 164.107 164.303
691701 6.91701e+07 168.449 146.521 167.201 167.256
704561 7.04561e+07 167.977 146.02 166.766 166.822
717660 7.1766e+07 171.525 149.742 170.273 170.442
731002 7.31002e+07 174.259 152.379 173 173.257
744593 7.44593e+07 174.811 153.04 173.608 173.653
758436 7.58436e+07 178.499 156.732 177.307 177.325
772536 7.72536e+07 181.401 159.45 180.171 180.193
786899 7.86899e+07 181.639 159.763 180.441 180.456
801529 8.01529e+07 184.788 162.789 183.55 183.668
816430 8.1643e+07 184.884 162.921 183.662 183.749
831762 8.31762e+07 191.293 169.308 190.109 190.031
847226 8.47226e+07 190.733 168.653 189.491 189.644
862977 8.62977e+07 193.986 171.997 192.766 192.861
879021 8.79021e+07 195.752 173.613 194.553 194.463
895364 8.95364e+07 195.27 173.3 194.065 194.193
912010 9.1201e+07 199.737 177.6 198.501 198.646
928966 9.28966e+07 201.436 179.442 200.23 200.349
946237 9.46237e+07 205.017 183.141 203.807 203.861
963829 9.63829e+07 209.402 187.388 208.174 208.316
981748 9.81748e+07 212.209 190.285 211.002 211.113
1e+06 1e+08 215.709 193.766 214.476 214.723
