lag_time G_GK G_FSR
0 71.2171 71.2105
0.01 65.1847 65.1796
0.02 49.8048 49.8023
0.03 30.2603 30.2603
0.04 11.3493 11.3508
0.05 -3.70254 -3.70048
0.06 -13.2304 -13.2285
0.07 -16.8316 -16.8302
0.08 -15.1086 -15.1077
0.09 -9.43158 -9.43121
0.1 -1.66976 -1.66962
0.11 6.13705 6.13733
0.12 12.178 12.1788
0.13 15.2877 15.2891
0.14 15.225 15.2272
0.15 12.6455 12.6482
0.16 8.74882 8.7519
0.17 4.79442 4.79749
0.18 1.72478 1.7275
0.19 0.00323301 0.0052989
0.2 -0.366724 -0.365492
0.21 0.286291 0.286737
0.22 1.47403 1.47405
0.23 2.70987 2.71005
0.24 3.61857 3.61955
0.25 3.98774 3.98997
0.26 3.77846 3.78202
0.27 3.10912 3.11366
0.28 2.21186 2.21675
0.29 1.36033 1.36492
0.3 0.784845 0.788648
0.31 0.605603 0.608454
0.32 0.810295 0.812314
0.33 1.28073 1.28227
0.34 1.85041 1.85194
0.35 2.36468 2.36672
0.36 2.72046 2.72351
0.37 2.87765 2.88213
0.38 2.84872 2.8548
0.39 2.67909 2.68664
0.4 2.42842 2.43693
0.41 2.15608 2.16473
0.42 1.91072 1.91864
0.43 1.72337 1.72992
0.44 1.60498 1.60989
0.45 1.54892 1.5522
0.46 1.53769 1.53954
0.47 1.55172 1.55248
0.48 1.57676 1.57692
0.49 1.60692 1.60711
0.5 1.64267 1.64361
0.51 1.68575 1.68807
0.52 1.73439 1.73841
0.53 1.7813 1.78691
0.54 1.81535 1.82203
0.55 1.82569 1.83279
0.56 1.80607 1.81301
0.57 1.75726 1.76372
0.58 1.68686 1.69274
0.59 1.60696 1.61227
0.6 1.53092 1.5356
0.61 1.47035 1.4743
0.62 1.43308 1.43618
0.63 1.4218 1.42407
0.64 1.43775 1.43939
0.66 1.49376 1.49452
0.68 1.53449 1.53483
0.7 1.51655 1.51758
0.72 1.45735 1.45983
0.74 1.40228 1.40567
0.76 1.37619 1.37932
0.78 1.37147 1.3734
0.8 1.36566 1.36697
0.82 1.34591 1.34838
0.84 1.31865 1.32248
0.86 1.29767 1.30116
0.88 1.28779 1.28976
0.9 1.28269 1.28318
0.92 1.2733 1.2734
0.94 1.25602 1.25674
0.96 1.23407 1.23519
0.98 1.21345 1.21377
1 1.19841 1.19737
1.02 1.18894 1.1874
1.04 1.1821 1.18143
1.06 1.17504 1.1754
1.08 1.16584 1.16626
1.1 1.15295 1.15279
1.12 1.13742 1.13655
1.14 1.12214 1.12159
1.16 1.10978 1.11085
1.18 1.10153 1.10388
1.2 1.09625 1.09849
1.22 1.09002 1.09126
1.24 1.08 1.08037
1.26 1.06734 1.06743
1.28 1.05614 1.05661
1.32 1.03695 1.04045
1.36 1.02277 1.02807
1.4 1.00664 1.01007
1.44 0.993215 0.993051
1.48 0.979862 0.979872
1.52 0.964461 0.966801
1.56 0.954088 0.953641
1.6 0.942349 0.941767
1.64 0.925356 0.92926
1.68 0.916186 0.916875
1.72 0.908232 0.905944
1.76 0.893296 0.896346
1.8 0.882658 0.884187
1.84 0.874618 0.872555
1.88 0.862829 0.865337
1.92 0.852781 0.85617
1.96 0.843988 0.845512
2 0.836586 0.836999
2.04 0.828245 0.829145
2.08 0.818364 0.821116
2.12 0.807741 0.809613
2.16 0.796728 0.79716
2.2 0.792452 0.79358
2.24 0.786326 0.788195
2.28 0.777315 0.778249
2.32 0.774194 0.773367
2.36 0.766298 0.766884
2.4 0.754894 0.755907
2.44 0.749759 0.74924
2.48 0.747198 0.746882
2.52 0.739254 0.740838
2.56 0.730718 0.732236
2.64 0.719999 0.719994
2.72 0.711129 0.710373
2.8 0.698192 0.698154
2.88 0.689915 0.688459
2.96 0.677156 0.677515
3.04 0.670218 0.667494
3.12 0.658237 0.659079
3.2 0.647523 0.647357
3.28 0.638636 0.640461
3.36 0.631789 0.630913
3.44 0.624329 0.625168
3.52 0.614752 0.61658
3.6 0.605925 0.607117
3.68 0.600655 0.601381
3.76 0.595958 0.592214
3.84 0.588332 0.588459
3.92 0.581361 0.580295
4 0.57346 0.574023
4.08 0.568747 0.56837
4.16 0.562453 0.561673
4.24 0.556982 0.556018
4.32 0.550846 0.55024
4.4 0.543391 0.544401
4.48 0.54179 0.538805
4.56 0.53253 0.533923
4.64 0.532794 0.529782
4.72 0.527401 0.526273
4.8 0.522378 0.518283
4.88 0.518446 0.516724
4.96 0.51209 0.510081
5.04 0.508133 0.507039
5.12 0.50278 0.50286
5.28 0.494392 0.493753
5.44 0.487856 0.488225
5.6 0.47824 0.479069
5.76 0.472777 0.471498
5.92 0.4658 0.464141
6.08 0.457264 0.455957
6.24 0.451556 0.450865
6.4 0.445343 0.445693
6.56 0.438072 0.438008
6.72 0.433475 0.434117
6.88 0.427633 0.42998
7.04 0.420888 0.422527
7.2 0.416874 0.41802
7.36 0.414304 0.41448
7.52 0.406183 0.408392
7.68 0.402431 0.404518
7.84 0.399763 0.400166
8 0.394595 0.395833
8.16 0.390522 0.392562
8.32 0.388234 0.386537
8.48 0.382426 0.381256
8.64 0.379932 0.37844
8.8 0.37447 0.374117
8.96 0.37278 0.370286
9.12 0.368329 0.366859
9.28 0.363186 0.362991
9.44 0.363358 0.362614
9.6 0.35766 0.357589
9.76 0.354273 0.35715
9.92 0.351339 0.352809
10.08 0.349184 0.349248
10.24 0.34567 0.34581
10.56 0.340548 0.340968
10.88 0.334395 0.335313
11.2 0.330321 0.329937
11.52 0.323835 0.325506
11.84 0.321004 0.321202
12.16 0.316673 0.317246
12.48 0.312513 0.312747
12.8 0.307671 0.308909
13.12 0.302379 0.302904
13.44 0.300627 0.300671
13.76 0.29563 0.296176
14.08 0.293541 0.293304
14.4 0.287714 0.28884
14.72 0.285677 0.284776
15.04 0.281585 0.28188
15.36 0.280106 0.278746
15.68 0.276032 0.276725
16 0.273579 0.27305
16.32 0.271206 0.27076
16.64 0.26897 0.26814
16.96 0.266963 0.266497
17.28 0.264627 0.263003
17.6 0.262399 0.261075
17.92 0.259978 0.25842
18.24 0.25787 0.256374
18.56 0.253942 0.254187
18.88 0.252168 0.251417
19.2 0.249272 0.249518
19.52 0.246606 0.248214
19.84 0.246717 0.2478
20.16 0.244068 0.245136
20.48 0.242018 0.243057
21.12 0.23702 0.238205
21.76 0.234076 0.233755
22.4 0.229142 0.229381
23.04 0.226025 0.227242
23.68 0.224175 0.224426
24.32 0.221986 0.222556
24.96 0.21909 0.219348
25.6 0.215246 0.216447
26.24 0.213384 0.213985
26.88 0.209697 0.211116
27.52 0.209031 0.209567
28.16 0.207353 0.2073
28.8 0.202171 0.203597
29.44 0.200523 0.200654
30.08 0.198429 0.198485
30.72 0.196891 0.197521
31.36 0.193871 0.195519
32 0.193466 0.194942
32.64 0.190617 0.191997
33.28 0.188325 0.189385
33.92 0.186957 0.187483
34.56 0.186436 0.187116
35.2 0.183882 0.185094
35.84 0.182855 0.184856
36.48 0.181961 0.180894
37.12 0.179938 0.180925
37.76 0.180091 0.179895
38.4 0.177992 0.179017
39.04 0.176619 0.17678
39.68 0.175684 0.17524
40.32 0.173663 0.173592
40.96 0.172476 0.172647
42.24 0.168859 0.168953
43.52 0.166467 0.166893
44.8 0.162398 0.16336
46.08 0.161069 0.161533
47.36 0.159455 0.160062
48.64 0.156942 0.158182
49.92 0.155353 0.156192
51.2 0.154189 0.154705
52.48 0.152546 0.153395
53.76 0.150433 0.150537
55.04 0.147907 0.148241
56.32 0.146772 0.147595
57.6 0.145891 0.146285
58.88 0.144255 0.144273
60.16 0.143812 0.144161
61.44 0.141538 0.141421
62.72 0.139875 0.140209
64 0.13872 0.139111
65.28 0.137248 0.13804
66.56 0.135074 0.135798
67.84 0.134426 0.135505
69.12 0.134696 0.134855
70.4 0.133355 0.133541
71.68 0.13272 0.133203
72.96 0.132004 0.132682
74.24 0.13013 0.131563
75.52 0.130228 0.130614
76.8 0.128901 0.129096
78.08 0.127687 0.128027
79.36 0.126407 0.127419
80.64 0.124482 0.125622
81.92 0.123708 0.124674
84.48 0.121375 0.122803
87.04 0.120554 0.121647
89.6 0.119111 0.119661
92.16 0.118079 0.118618
94.72 0.116373 0.117484
97.28 0.113569 0.115455
99.84 0.113718 0.114756
102.4 0.112031 0.113187
104.96 0.109959 0.111082
107.52 0.10973 0.109745
110.08 0.107492 0.108736
112.64 0.107335 0.10811
115.2 0.105342 0.106059
117.76 0.103043 0.104468
120.32 0.103082 0.103507
122.88 0.101704 0.103015
125.44 0.10169 0.102933
128 0.101117 0.102509
130.56 0.101579 0.102064
133.12 0.101244 0.100786
135.68 0.0995249 0.0995678
138.24 0.0980245 0.0989607
140.8 0.0974236 0.0984063
143.36 0.0967334 0.0972972
145.92 0.096057 0.0972126
148.48 0.0957119 0.097059
151.04 0.0950696 0.0949988
153.6 0.0961467 0.0954417
156.16 0.0953057 0.094741
158.72 0.0932555 0.0941461
161.28 0.0929697 0.0930341
163.84 0.0919345 0.0917356
168.96 0.0906536 0.0903636
174.08 0.0891664 0.0890007
179.2 0.0882337 0.088386
184.32 0.0876612 0.0873323
189.44 0.0859525 0.0865019
194.56 0.0855502 0.0863699
199.68 0.0837528 0.0844596
204.8 0.0823571 0.0832348
209.92 0.0824736 0.0833681
215.04 0.081576 0.0826802
220.16 0.0808229 0.0814425
225.28 0.0798218 0.0801944
230.4 0.0784866 0.0789745
235.52 0.0785642 0.0804419
240.64 0.0782065 0.078609
245.76 0.0776163 0.0784913
250.88 0.0789275 0.0788396
256 0.0776364 0.0777201
261.12 0.0774112 0.0771063
266.24 0.0755607 0.0760521
271.36 0.0756967 0.0761915
276.48 0.074626 0.0747622
281.6 0.0731315 0.0736918
286.72 0.0725659 0.0729183
291.84 0.0725102 0.0726646
296.96 0.0719585 0.0722866
302.08 0.0711664 0.0714807
307.2 0.0714419 0.072106
312.32 0.0713727 0.0709764
317.44 0.0705492 0.0711864
322.56 0.0701648 0.0705763
327.68 0.0702331 0.0699292
337.92 0.0696031 0.0695621
348.16 0.0690588 0.0689951
358.4 0.0668414 0.0673527
368.64 0.0663598 0.0673436
378.88 0.065538 0.066657
389.12 0.0639268 0.0658314
399.36 0.0636048 0.0649508
409.6 0.0647008 0.065116
419.84 0.0634962 0.0636065
430.08 0.0634175 0.0632172
440.32 0.063156 0.0632078
450.56 0.0608969 0.0619847
460.8 0.0602616 0.0610578
471.04 0.0593235 0.0599736
481.28 0.0588409 0.0597159
491.52 0.0593157 0.0596263
501.76 0.0598742 0.0596118
512 0.0593713 0.0590541
522.24 0.0583536 0.0587263
532.48 0.0588539 0.0585414
542.72 0.0586261 0.0587247
552.96 0.0583265 0.0587855
563.2 0.0572771 0.0578072
573.44 0.0558128 0.0558075
583.68 0.0560242 0.0562237
593.92 0.0567916 0.0568047
604.16 0.0567747 0.0570199
614.4 0.0554871 0.0555182
624.64 0.0548586 0.0553302
634.88 0.0540957 0.0544514
645.12 0.0533502 0.0545839
655.36 0.0540071 0.0546744
675.84 0.0535345 0.0541947
696.32 0.053181 0.0533978
716.8 0.0525607 0.0528827
737.28 0.0528665 0.0528031
757.76 0.0505639 0.0513094
778.24 0.0506961 0.0511203
798.72 0.0511724 0.051206
819.2 0.0509074 0.0510436
839.68 0.0511974 0.0512253
860.16 0.0495571 0.0501557
880.64 0.049512 0.0506812
901.12 0.0496632 0.0506359
921.6 0.0492634 0.0499767
942.08 0.0482275 0.0493675
962.56 0.0483264 0.0491708
983.04 0.0480157 0.0483475
1003.52 0.0476145 0.0477612
1024 0.0475586 0.0473299
1044.48 0.0469158 0.04721
1064.96 0.0469209 0.0470933
1085.44 0.0460746 0.0465805
1105.92 0.0453124 0.0460221
1126.4 0.0447984 0.0457987
1146.88 0.045495 0.0464396
1167.36 0.0450476 0.0461093
1187.84 0.0455175 0.0461238
1208.32 0.0446857 0.0446065
1228.8 0.0445229 0.0443806
1249.28 0.0452432 0.0447788
1269.76 0.0455614 0.0451126
1290.24 0.0436714 0.0442171
1310.72 0.0434679 0.0439487
1351.68 0.043922 0.0443935
1392.64 0.0430519 0.043275
1433.6 0.0424039 0.0431128
1474.56 0.0425777 0.0430744
1515.52 0.0427344 0.0431838
1556.48 0.0423486 0.0428528
1597.44 0.0424593 0.0425729
1638.4 0.0415824 0.0421274
1679.36 0.0412387 0.041725
1720.32 0.0399264 0.0415788
1761.28 0.0411948 0.0419583
1802.24 0.0402221 0.0407093
1843.2 0.0406444 0.0404249
1884.16 0.0401838 0.0404142
1925.12 0.0398304 0.0401988
1966.08 0.0395786 0.0400896
2007.04 0.0392994 0.0404725
2048 0.0394141 0.0399011
2088.96 0.0403483 0.0404038
2129.92 0.0394506 0.0402817
2170.88 0.0398335 0.0401813
2211.84 0.0387452 0.0398342
2252.8 0.0379044 0.0391339
2293.76 0.0382442 0.0389752
2334.72 0.0385638 0.0389735
2375.68 0.039353 0.0396686
2416.64 0.0391715 0.0395932
2457.6 0.0387098 0.0393043
2498.56 0.0381455 0.039114
2539.52 0.0379452 0.0386523
2580.48 0.0380884 0.0383724
2621.44 0.0377189 0.0378792
2703.36 0.0365216 0.0375873
2785.28 0.035768 0.0368518
2867.2 0.0360371 0.037075
2949.12 0.0368343 0.0372666
3031.04 0.0366977 0.0369128
3112.96 0.0352733 0.0359288
3194.88 0.0351463 0.0360898
3276.8 0.0357105 0.0364176
3358.72 0.0352299 0.0359589
3440.64 0.0349655 0.0352772
3522.56 0.0352805 0.0352089
3604.48 0.034773 0.0352232
3686.4 0.0347345 0.0353178
3768.32 0.0349309 0.0356368
3850.24 0.0340272 0.0348358
3932.16 0.0343412 0.0352313
4014.08 0.0346613 0.0348291
4096 0.0341558 0.034374
4177.92 0.0340242 0.0341211
4259.84 0.0341895 0.0348296
4341.76 0.0342806 0.0350749
4423.68 0.033881 0.0343756
4505.6 0.0330762 0.0338539
4587.52 0.0324888 0.0337024
4669.44 0.0328345 0.03371
4751.36 0.0323264 0.0333022
4833.28 0.0322976 0.0334636
4915.2 0.0336031 0.0341858
4997.12 0.0329145 0.0336794
5079.04 0.0327153 0.033689
5160.96 0.0323462 0.0335881
5242.88 0.0323149 0.0333916
5406.72 0.032071 0.033076
5570.56 0.0324358 0.0324682
5734.4 0.0315039 0.0322539
5898.24 0.0312347 0.0324957
6062.08 0.030473 0.0310917
6225.92 0.0309115 0.0318919
6389.76 0.030406 0.03111
6553.6 0.0299129 0.0307608
6717.44 0.0295559 0.0305486
6881.28 0.0297404 0.0307989
7045.12 0.0294964 0.0305411
7208.96 0.0296483 0.0305098
7372.8 0.0288531 0.0301106
7536.64 0.0293002 0.0301899
7700.48 0.0290003 0.0295471
7864.32 0.0284318 0.0293703
8028.16 0.028192 0.0294056
8192 0.0282587 0.0295035
8355.84 0.0283021 0.0288578
8519.68 0.0278422 0.0290924
8683.52 0.0282326 0.029323
8847.36 0.0280487 0.0289598
9011.2 0.027579 0.0285903
9175.04 0.0272176 0.0282748
9338.88 0.026576 0.0282342
9502.72 0.0271051 0.0281938
9666.56 0.0269361 0.0281491
9830.4 0.0265149 0.0276725
9994.24 0.0269591 0.0277218
10158.1 0.0264872 0.0271938
10321.9 0.0263399 0.0272662
10485.8 0.0266033 0.027547
10813.4 0.026649 0.0275543
11141.1 0.0262242 0.0267453
11468.8 0.0246729 0.0256189
11796.5 0.0252717 0.0264566
12124.2 0.0248235 0.0259221
12451.8 0.0247786 0.025683
12779.5 0.0251027 0.0257477
13107.2 0.0247504 0.0252709
13434.9 0.0243748 0.0248354
13762.6 0.0236804 0.0244203
14090.2 0.0235658 0.0246572
14417.9 0.0222921 0.0244074
14745.6 0.0225892 0.0241513
15073.3 0.0226314 0.023711
15401 0.0230344 0.0238015
15728.6 0.023164 0.0239875
16056.3 0.0221692 0.0235255
16384 0.0225122 0.0238091
16711.7 0.0221276 0.023539
17039.4 0.0214644 0.0229335
17367 0.0213434 0.0226113
17694.7 0.0212407 0.0230506
18022.4 0.0218517 0.0232211
18350.1 0.0208546 0.0223038
18677.8 0.0213068 0.022407
19005.4 0.0204708 0.0222966
19333.1 0.0210395 0.022832
19660.8 0.0208872 0.022406
19988.5 0.0206074 0.0218542
20316.2 0.0211457 0.0218986
20643.8 0.0207141 0.0220642
20971.5 0.020372 0.0219588
21626.9 0.0196002 0.0209618
22282.2 0.019237 0.0203625
22937.6 0.0186809 0.0200222
23593 0.0186651 0.0200924
24248.3 0.0187803 0.0201566
24903.7 0.0180576 0.0194341
25559 0.0176122 0.0187845
26214.4 0.0178127 0.0189006
26869.8 0.0174794 0.0184882
27525.1 0.0162524 0.017472
28180.5 0.016179 0.0175692
28835.8 0.0156632 0.0172202
29491.2 0.0153446 0.0171135
30146.6 0.0157916 0.0174472
30801.9 0.0157912 0.0176774
31457.3 0.014827 0.0170029
32112.6 0.0145285 0.0168114
32768 0.0149946 0.0169931
33423.4 0.0148135 0.0162874
34078.7 0.0146155 0.0162596
34734.1 0.0139741 0.0159998
35389.4 0.0137461 0.0159555
36044.8 0.0132402 0.0156053
36700.2 0.0133481 0.0154341
37355.5 0.0136226 0.0155956
38010.9 0.0132222 0.0145974
38666.2 0.0130931 0.0148446
39321.6 0.0131051 0.0145285
39977 0.0126403 0.0145917
40632.3 0.0128122 0.0143996
41287.7 0.0132213 0.0144956
41943 0.0125488 0.0138422
43253.8 0.0118746 0.0133897
44564.5 0.0111312 0.0126088
45875.2 0.0116384 0.0131867
47185.9 0.0117023 0.0135551
48496.6 0.011522 0.0131014
49807.4 0.0106585 0.0128183
51118.1 0.0099924 0.0126514
52428.8 0.0101571 0.0123084
53739.5 0.0104505 0.0124984
55050.2 0.0102366 0.0126672
56361 0.0098347 0.0122353
57671.7 0.0098687 0.0120113
58982.4 0.00925404 0.0118331
60293.1 0.00897839 0.0113361
61603.8 0.00914699 0.0112291
62914.6 0.00887218 0.011129
64225.3 0.00921032 0.0114117
65536 0.00950261 0.0116974
66846.7 0.00913389 0.0115937
68157.4 0.00862106 0.0108534
69468.2 0.00890568 0.0102577
70778.9 0.009447 0.0104193
72089.6 0.00903767 0.0100267
73400.3 0.00901216 0.0104919
74711 0.00853057 0.0096156
76021.8 0.00839867 0.00974622
77332.5 0.0084833 0.0100085
78643.2 0.00733145 0.00852807
79953.9 0.00757079 0.00875562
81264.6 0.00730421 0.0087912
82575.4 0.00714327 0.00869229
83886.1 0.00717009 0.00848564
86507.5 0.00624623 0.00752765
89129 0.00602361 0.00684474
91750.4 0.00595352 0.00670261
94371.8 0.00585685 0.00645392
96993.3 0.0057945 0.00638519
99614.7 0.00613251 0.00648109
102236 0.00543452 0.00604238
104858 0.00579236 0.0061267
107479 0.00478988 0.00529075
110100 0.00457263 0.00496781
112722 0.00461672 0.00506757
115343 0.00446273 0.00515861
117965 0.00432786 0.00455466
120586 0.00368274 0.00414047
123208 0.00399275 0.00457201
125829 0.00393618 0.00419404
128451 0.00392477 0.00350263
131072 0.00411424 0.00357566
133693 0.00419935 0.00355443
136315 0.00403481 0.00338274
138936 0.00326536 0.00240064
141558 0.00317694 0.00206181
144179 0.00351654 0.00226317
146801 0.00357687 0.00214209
149422 0.00255932 0.00174446
152044 0.00266601 0.0017736
154665 0.00347973 0.00275718
157286 0.00337342 0.00219285
159908 0.00292516 0.00190977
162529 0.00321677 0.00200209
165151 0.00258797 0.00122872
167772 0.00289831 0.00148837
173015 0.0034745 0.00206081
178258 0.00353049 0.00200923
183501 0.00343729 0.00227081
188744 0.00410624 0.0026735
193987 0.00401281 0.00239801
199229 0.00283393 0.0015158
204472 0.00278839 0.000964554
209715 0.00187554 0.000518891
214958 0.00232331 0.000598481
220201 0.00211703 0.000239031
225444 0.00215371 0.00044607
230687 0.00152328 0.000141752
235930 0.00173157 0.000258678
241172 0.00222006 0.000476981
246415 0.00172445 0.000264744
251658 0.00230917 0.000497798
256901 0.00271134 0.00124889
262144 0.0034823 0.00170979
267387 0.00188777 0.000727891
272630 0.00134162 9.20903e-05
277873 0.00167776 0.000290548
283116 0.00152897 9.27472e-05
288358 0.00241352 -8.14259e-05
293601 0.00220881 9.81957e-05
298844 0.00232946 0.000514691
304087 0.00240679 0.000720623
309330 0.00207698 0.000619897
314573 0.0011131 0.000510542
319816 0.0011534 0.000431902
325059 0.00016333 0.000314709
330301 -0.000123885 0.000267077
335544 0.000189503 1.3444e-05
346030 -0.00135818 -0.000703621
356516 -0.00104128 -0.000283647
367002 -0.00127112 -0.000603899
377487 -0.00156671 -0.00132373
387973 -0.000915252 -0.000835396
398459 -0.00037298 -0.000685914
408945 -0.0006242 -0.000853371
419430 -0.00129969 -0.00103114
429916 -0.00247634 -0.00169354
440402 -0.00326114 -0.00233043
450888 -0.00318274 -0.00226507
461373 -0.00290342 -0.0025792
471859 -0.00235375 -0.00182316
482345 -0.000831296 -0.000824282
492831 -0.000764758 -0.000302929
503316 0.000480798 9.07221e-05
513802 0.00151943 0.00100092
524288 0.00348459 0.00185686
534774 0.00355406 0.00204795
545260 0.00313091 0.00148855
555745 0.00220116 0.00122215
566231 0.00208893 0.00126529
576717 0.00235008 0.00082962
587203 0.00286482 0.00114092
597688 0.00296366 0.00107824
608174 0.00155154 -0.000130431
618660 0.000335385 -0.000765583
629146 1.53717e-05 -0.000893909
639631 9.78809e-05 -0.000804828
650117 0.000118316 0.000117137
660603 -0.000996615 -4.90847e-05
671089 -0.0014338 -0.000242818
692060 -0.00296532 -0.00185974
713032 -0.00432136 -0.00213532
734003 -0.00324011 -0.000894986
754975 -0.00434457 -0.00209084
775946 -0.00313209 -0.00239555
796918 -0.00344129 -0.00200046
817889 -0.0041914 -0.00276943
838861 -0.00215397 -0.00113577
859832 0.00093062 0.00167809
880804 -1.26456e-05 0.00241675
901775 -0.0015087 0.00233213
922747 0.000298205 0.00198504
943718 0.00118834 0.00130052
964690 -0.00379567 -0.00311501
