lag_time G_data G_fit
1 1.19841 1.1917
1.02 1.18894 1.18143
1.04 1.1821 1.17134
1.06 1.17504 1.16141
1.08 1.16584 1.15165
1.1 1.15295 1.14206
1.12 1.13742 1.13262
1.14 1.12214 1.12334
1.16 1.10978 1.11421
1.18 1.10153 1.10524
1.2 1.09625 1.09641
1.22 1.09002 1.08773
1.24 1.08 1.07919
1.26 1.06734 1.07079
1.28 1.05614 1.06253
1.32 1.03695 1.04641
1.36 1.02277 1.0308
1.4 1.00664 1.01569
1.44 0.993215 1.00107
1.48 0.979862 0.986903
1.52 0.964461 0.973183
1.56 0.954088 0.95989
1.6 0.942349 0.94701
1.64 0.925356 0.934527
1.68 0.916186 0.922425
1.72 0.908232 0.910692
1.76 0.893296 0.899313
1.8 0.882658 0.888275
1.84 0.874618 0.877566
1.88 0.862829 0.867173
1.92 0.852781 0.857085
1.96 0.843988 0.847291
2 0.836586 0.83778
2.04 0.828245 0.828541
2.08 0.818364 0.819566
2.12 0.807741 0.810843
2.16 0.796728 0.802365
2.2 0.792452 0.794121
2.24 0.786326 0.786105
2.28 0.777315 0.778307
2.32 0.774194 0.770719
2.36 0.766298 0.763335
2.4 0.754894 0.756147
2.44 0.749759 0.749147
2.48 0.747198 0.74233
2.52 0.739254 0.735688
2.56 0.730718 0.729217
2.64 0.719999 0.716758
2.72 0.711129 0.704908
2.8 0.698192 0.693627
2.88 0.689915 0.682875
2.96 0.677156 0.672617
3.04 0.670218 0.662819
3.12 0.658237 0.653451
3.2 0.647523 0.644485
3.28 0.638636 0.635895
3.36 0.631789 0.627656
3.44 0.624329 0.619746
3.52 0.614752 0.612144
3.6 0.605925 0.60483
3.68 0.600655 0.597788
3.76 0.595958 0.591
3.84 0.588332 0.584451
3.92 0.581361 0.578126
4 0.57346 0.572013
4.08 0.568747 0.566099
4.16 0.562453 0.560373
4.24 0.556982 0.554823
4.32 0.550846 0.549442
4.4 0.543391 0.544218
4.48 0.54179 0.539144
4.56 0.53253 0.534212
4.64 0.532794 0.529414
4.72 0.527401 0.524743
4.8 0.522378 0.520194
4.88 0.518446 0.51576
4.96 0.51209 0.511436
5.04 0.508133 0.507216
5.12 0.50278 0.503095
5.28 0.494392 0.495136
5.44 0.487856 0.487524
5.6 0.47824 0.480233
5.76 0.472777 0.473235
5.92 0.4658 0.46651
6.08 0.457264 0.460037
6.24 0.451556 0.4538
6.4 0.445343 0.447782
6.56 0.438072 0.441971
6.72 0.433475 0.436354
6.88 0.427633 0.430919
7.04 0.420888 0.425657
7.2 0.416874 0.420559
7.36 0.414304 0.415617
7.52 0.406183 0.410822
7.68 0.402431 0.406168
7.84 0.399763 0.401649
8 0.394595 0.397258
8.16 0.390522 0.392991
8.32 0.388234 0.388842
8.48 0.382426 0.384806
8.64 0.379932 0.380879
8.8 0.37447 0.377057
8.96 0.37278 0.373336
9.12 0.368329 0.369712
9.28 0.363186 0.366182
9.44 0.363358 0.362742
9.6 0.35766 0.359389
9.76 0.354273 0.356121
9.92 0.351339 0.352934
10.08 0.349184 0.349825
10.24 0.34567 0.346792
10.56 0.340548 0.340944
10.88 0.334395 0.335371
11.2 0.330321 0.330056
11.52 0.323835 0.324982
11.84 0.321004 0.320135
12.16 0.316673 0.315501
12.48 0.312513 0.311066
12.8 0.307671 0.30682
13.12 0.302379 0.302751
13.44 0.300627 0.298848
13.76 0.29563 0.295101
14.08 0.293541 0.291502
14.4 0.287714 0.288043
14.72 0.285677 0.284715
15.04 0.281585 0.28151
15.36 0.280106 0.278423
15.68 0.276032 0.275445
16 0.273579 0.272572
16.32 0.271206 0.269798
16.64 0.26897 0.267117
16.96 0.266963 0.264525
17.28 0.264627 0.262015
17.6 0.262399 0.259586
17.92 0.259978 0.257231
18.24 0.25787 0.254947
18.56 0.253942 0.252732
18.88 0.252168 0.25058
19.2 0.249272 0.248489
19.52 0.246606 0.246457
19.84 0.246717 0.24448
20.16 0.244068 0.242555
20.48 0.242018 0.240681
21.12 0.23702 0.237073
21.76 0.234076 0.23364
22.4 0.229142 0.230366
23.04 0.226025 0.227237
23.68 0.224175 0.224243
24.32 0.221986 0.221372
24.96 0.21909 0.218616
25.6 0.215246 0.215965
26.24 0.213384 0.213412
26.88 0.209697 0.21095
27.52 0.209031 0.208574
28.16 0.207353 0.206278
28.8 0.202171 0.204056
29.44 0.200523 0.201906
30.08 0.198429 0.199822
30.72 0.196891 0.1978
31.36 0.193871 0.195838
32 0.193466 0.193933
32.64 0.190617 0.192081
33.28 0.188325 0.19028
33.92 0.186957 0.188529
34.56 0.186436 0.186823
35.2 0.183882 0.185162
35.84 0.182855 0.183544
36.48 0.181961 0.181967
37.12 0.179938 0.180429
37.76 0.180091 0.178928
38.4 0.177992 0.177464
39.04 0.176619 0.176035
39.68 0.175684 0.174639
40.32 0.173663 0.173276
40.96 0.172476 0.171945
42.24 0.168859 0.169371
43.52 0.166467 0.166911
44.8 0.162398 0.164557
46.08 0.161069 0.162302
47.36 0.159455 0.160141
48.64 0.156942 0.158068
49.92 0.155353 0.156078
51.2 0.154189 0.154166
52.48 0.152546 0.152327
53.76 0.150433 0.150559
55.04 0.147907 0.148856
56.32 0.146772 0.147216
57.6 0.145891 0.145635
58.88 0.144255 0.14411
60.16 0.143812 0.142638
61.44 0.141538 0.141216
62.72 0.139875 0.139842
64 0.13872 0.138514
65.28 0.137248 0.137228
66.56 0.135074 0.135984
67.84 0.134426 0.134778
69.12 0.134696 0.13361
70.4 0.133355 0.132477
71.68 0.13272 0.131377
72.96 0.132004 0.13031
74.24 0.13013 0.129273
75.52 0.130228 0.128265
76.8 0.128901 0.127285
78.08 0.127687 0.126331
79.36 0.126407 0.125403
80.64 0.124482 0.124499
81.92 0.123708 0.123619
84.48 0.121375 0.121923
87.04 0.120554 0.120309
89.6 0.119111 0.11877
92.16 0.118079 0.1173
94.72 0.116373 0.115894
97.28 0.113569 0.114547
99.84 0.113718 0.113255
102.4 0.112031 0.112014
104.96 0.109959 0.11082
107.52 0.10973 0.10967
110.08 0.107492 0.108562
112.64 0.107335 0.107493
115.2 0.105342 0.10646
117.76 0.103043 0.105462
120.32 0.103082 0.104496
122.88 0.101704 0.103561
125.44 0.10169 0.102654
128 0.101117 0.101775
130.56 0.101579 0.100922
133.12 0.101244 0.100093
135.68 0.0995249 0.0992882
138.24 0.0980245 0.0985055
140.8 0.0974236 0.0977442
143.36 0.0967334 0.0970033
145.92 0.096057 0.0962818
148.48 0.0957119 0.0955791
151.04 0.0950696 0.0948942
153.6 0.0961467 0.0942264
156.16 0.0953057 0.0935751
158.72 0.0932555 0.0929396
161.28 0.0929697 0.0923193
163.84 0.0919345 0.0917136
168.96 0.0906536 0.0905439
174.08 0.0891664 0.0894265
179.2 0.0882337 0.0883577
184.32 0.0876612 0.0873344
189.44 0.0859525 0.0863535
194.56 0.0855502 0.0854122
199.68 0.0837528 0.0845082
204.8 0.0823571 0.0836391
209.92 0.0824736 0.0828028
215.04 0.081576 0.0819975
220.16 0.0808229 0.0812212
225.28 0.0798218 0.0804724
230.4 0.0784866 0.0797496
235.52 0.0785642 0.0790512
240.64 0.0782065 0.078376
245.76 0.0776163 0.0777228
250.88 0.0789275 0.0770903
256 0.0776364 0.0764776
261.12 0.0774112 0.0758837
266.24 0.0755607 0.0753075
271.36 0.0756967 0.0747483
276.48 0.074626 0.0742051
281.6 0.0731315 0.0736774
286.72 0.0725659 0.0731642
291.84 0.0725102 0.0726651
296.96 0.0719585 0.0721792
302.08 0.0711664 0.0717061
307.2 0.0714419 0.0712452
312.32 0.0713727 0.070796
317.44 0.0705492 0.0703579
322.56 0.0701648 0.0699306
327.68 0.0702331 0.0695135
337.92 0.0696031 0.0687085
348.16 0.0690588 0.0679399
358.4 0.0668414 0.067205
368.64 0.0663598 0.0665014
378.88 0.065538 0.0658269
389.12 0.0639268 0.0651796
399.36 0.0636048 0.0645576
409.6 0.0647008 0.0639594
419.84 0.0634962 0.0633834
430.08 0.0634175 0.0628285
440.32 0.063156 0.0622932
450.56 0.0608969 0.0617766
460.8 0.0602616 0.0612776
471.04 0.0593235 0.0607952
481.28 0.0588409 0.0603286
491.52 0.0593157 0.0598769
501.76 0.0598742 0.0594395
512 0.0593713 0.0590157
522.24 0.0583536 0.0586047
532.48 0.0588539 0.0582059
542.72 0.0586261 0.0578189
552.96 0.0583265 0.0574431
563.2 0.0572771 0.0570779
573.44 0.0558128 0.056723
583.68 0.0560242 0.0563779
593.92 0.0567916 0.0560421
604.16 0.0567747 0.0557154
614.4 0.0554871 0.0553972
624.64 0.0548586 0.0550873
634.88 0.0540957 0.0547854
645.12 0.0533502 0.0544911
655.36 0.0540071 0.0542042
675.84 0.0535345 0.0536512
696.32 0.053181 0.0531245
716.8 0.0525607 0.052622
737.28 0.0528665 0.0521423
757.76 0.0505639 0.0516836
778.24 0.0506961 0.0512446
798.72 0.0511724 0.0508241
819.2 0.0509074 0.0504208
839.68 0.0511974 0.0500337
860.16 0.0495571 0.0496617
880.64 0.049512 0.0493041
901.12 0.0496632 0.0489599
921.6 0.0492634 0.0486283
942.08 0.0482275 0.0483088
962.56 0.0483264 0.0480005
983.04 0.0480157 0.0477029
1003.52 0.0476145 0.0474155
1024 0.0475586 0.0471376
1044.48 0.0469158 0.0468688
1064.96 0.0469209 0.0466087
1085.44 0.0460746 0.0463568
1105.92 0.0453124 0.0461128
1126.4 0.0447984 0.0458761
1146.88 0.045495 0.0456466
1167.36 0.0450476 0.0454238
1187.84 0.0455175 0.0452075
1208.32 0.0446857 0.0449973
1228.8 0.0445229 0.044793
1249.28 0.0452432 0.0445944
1269.76 0.0455614 0.0444012
1290.24 0.0436714 0.0442131
1310.72 0.0434679 0.0440299
1351.68 0.043922 0.0436777
1392.64 0.0430519 0.0433429
1433.6 0.0424039 0.0430241
1474.56 0.0425777 0.0427202
1515.52 0.0427344 0.0424301
1556.48 0.0423486 0.0421527
1597.44 0.0424593 0.041887
1638.4 0.0415824 0.0416324
1679.36 0.0412387 0.0413879
1720.32 0.0399264 0.0411529
1761.28 0.0411948 0.0409267
1802.24 0.0402221 0.0407088
1843.2 0.0406444 0.0404986
1884.16 0.0401838 0.0402957
1925.12 0.0398304 0.0400994
1966.08 0.0395786 0.0399095
2007.04 0.0392994 0.0397255
2048 0.0394141 0.0395471
2088.96 0.0403483 0.0393739
2129.92 0.0394506 0.0392057
2170.88 0.0398335 0.039042
2211.84 0.0387452 0.0388827
2252.8 0.0379044 0.0387276
2293.76 0.0382442 0.0385763
2334.72 0.0385638 0.0384287
2375.68 0.039353 0.0382846
2416.64 0.0391715 0.0381438
2457.6 0.0387098 0.0380061
2498.56 0.0381455 0.0378714
2539.52 0.0379452 0.0377395
2580.48 0.0380884 0.0376103
2621.44 0.0377189 0.0374836
2703.36 0.0365216 0.0372374
2785.28 0.035768 0.0370001
2867.2 0.0360371 0.0367709
2949.12 0.0368343 0.0365491
3031.04 0.0366977 0.0363342
3112.96 0.0352733 0.0361257
3194.88 0.0351463 0.035923
3276.8 0.0357105 0.0357258
3358.72 0.0352299 0.0355337
3440.64 0.0349655 0.0353464
3522.56 0.0352805 0.0351637
3604.48 0.034773 0.0349852
3686.4 0.0347345 0.0348108
3768.32 0.0349309 0.0346401
3850.24 0.0340272 0.0344731
3932.16 0.0343412 0.0343095
4014.08 0.0346613 0.0341493
4096 0.0341558 0.0339921
4177.92 0.0340242 0.033838
4259.84 0.0341895 0.0336868
4341.76 0.0342806 0.0335383
4423.68 0.033881 0.0333924
4505.6 0.0330762 0.0332491
4587.52 0.0324888 0.0331083
4669.44 0.0328345 0.0329698
4751.36 0.0323264 0.0328336
4833.28 0.0322976 0.0326996
4915.2 0.0336031 0.0325677
4997.12 0.0329145 0.0324379
5079.04 0.0327153 0.03231
5160.96 0.0323462 0.0321841
5242.88 0.0323149 0.03206
5406.72 0.032071 0.0318171
5570.56 0.0324358 0.0315809
5734.4 0.0315039 0.0313511
5898.24 0.0312347 0.0311272
6062.08 0.030473 0.0309089
6225.92 0.0309115 0.0306959
6389.76 0.030406 0.0304879
6553.6 0.0299129 0.0302846
6717.44 0.0295559 0.0300857
6881.28 0.0297404 0.029891
7045.12 0.0294964 0.0297004
7208.96 0.0296483 0.0295135
7372.8 0.0288531 0.0293302
7536.64 0.0293002 0.0291504
7700.48 0.0290003 0.0289738
7864.32 0.0284318 0.0288003
8028.16 0.028192 0.0286298
8192 0.0282587 0.028462
8355.84 0.0283021 0.028297
8519.68 0.0278422 0.0281346
8683.52 0.0282326 0.0279746
8847.36 0.0280487 0.0278169
9011.2 0.027579 0.0276616
9175.04 0.0272176 0.0275084
9338.88 0.026576 0.0273573
9502.72 0.0271051 0.0272082
9666.56 0.0269361 0.027061
9830.4 0.0265149 0.0269157
9994.24 0.0269591 0.0267722
10158.1 0.0264872 0.0266304
10321.9 0.0263399 0.0264903
10485.8 0.0266033 0.0263518
10813.4 0.026649 0.0260796
11141.1 0.0262242 0.0258132
11468.8 0.0246729 0.0255524
11796.5 0.0252717 0.0252969
12124.2 0.0248235 0.0250464
12451.8 0.0247786 0.0248007
12779.5 0.0251027 0.0245596
13107.2 0.0247504 0.0243228
13434.9 0.0243748 0.0240902
13762.6 0.0236804 0.0238617
14090.2 0.0235658 0.0236371
14417.9 0.0222921 0.0234163
14745.6 0.0225892 0.023199
15073.3 0.0226314 0.0229853
15401 0.0230344 0.0227751
15728.6 0.023164 0.0225682
16056.3 0.0221692 0.0223645
16384 0.0225122 0.0221639
16711.7 0.0221276 0.0219665
17039.4 0.0214644 0.021772
17367 0.0213434 0.0215806
17694.7 0.0212407 0.0213919
18022.4 0.0218517 0.021206
18350.1 0.0208546 0.0210229
18677.8 0.0213068 0.0208424
19005.4 0.0204708 0.0206647
19333.1 0.0210395 0.0204894
19660.8 0.0208872 0.0203167
19988.5 0.0206074 0.0201464
20316.2 0.0211457 0.0199785
20643.8 0.0207141 0.0198131
20971.5 0.020372 0.0196499
21626.9 0.0196002 0.0193304
22282.2 0.019237 0.0190197
22937.6 0.0186809 0.0187175
23593 0.0186651 0.0184234
24248.3 0.0187803 0.0181372
24903.7 0.0180576 0.0178585
25559 0.0176122 0.0175872
26214.4 0.0178127 0.017323
26869.8 0.0174794 0.0170655
27525.1 0.0162524 0.0168147
28180.5 0.016179 0.0165702
28835.8 0.0156632 0.0163319
29491.2 0.0153446 0.0160994
30146.6 0.0157916 0.0158728
30801.9 0.0157912 0.0156517
31457.3 0.014827 0.0154359
32112.6 0.0145285 0.0152253
32768 0.0149946 0.0150198
33423.4 0.0148135 0.014819
34078.7 0.0146155 0.014623
34734.1 0.0139741 0.0144315
35389.4 0.0137461 0.0142445
36044.8 0.0132402 0.0140616
36700.2 0.0133481 0.0138829
37355.5 0.0136226 0.0137082
38010.9 0.0132222 0.0135373
38666.2 0.0130931 0.0133702
39321.6 0.0131051 0.0132067
39977 0.0126403 0.0130467
40632.3 0.0128122 0.0128901
41287.7 0.0132213 0.0127368
41943 0.0125488 0.0125867
43253.8 0.0118746 0.0122957
44564.5 0.0111312 0.0120164
45875.2 0.0116384 0.0117481
47185.9 0.0117023 0.0114902
48496.6 0.011522 0.011242
49807.4 0.0106585 0.0110031
51118.1 0.0099924 0.0107728
52428.8 0.0101571 0.0105509
53739.5 0.0104505 0.0103367
55050.2 0.0102366 0.01013
56361 0.0098347 0.00993018
57671.7 0.0098687 0.00973707
58982.4 0.00925404 0.00955027
60293.1 0.00897839 0.00936947
61603.8 0.00914699 0.00919438
62914.6 0.00887218 0.0090247
64225.3 0.00921032 0.00886022
65536 0.00950261 0.00870066
66846.7 0.00913389 0.00854582
68157.4 0.00862106 0.00839547
69468.2 0.00890568 0.0082494
70778.9 0.009447 0.00810746
72089.6 0.00903767 0.00796945
73400.3 0.00901216 0.00783521
74711 0.00853057 0.00770459
76021.8 0.00839867 0.00757742
77332.5 0.0084833 0.00745359
78643.2 0.00733145 0.00733296
79953.9 0.00757079 0.0072154
81264.6 0.00730421 0.00710079
82575.4 0.00714327 0.00698903
83886.1 0.00717009 0.00688001
86507.5 0.00624623 0.00666982
89129 0.00602361 0.00646945
91750.4 0.00595352 0.00627827
94371.8 0.00585685 0.00609567
96993.3 0.0057945 0.00592109
99614.7 0.00613251 0.00575406
102236 0.00543452 0.00559411
104858 0.00579236 0.00544079
107479 0.00478988 0.00529381
110100 0.00457263 0.00515277
112722 0.00461672 0.00501728
115343 0.00446273 0.00488715
117965 0.00432786 0.004762
120586 0.00368274 0.00464166
123208 0.00399275 0.00452581
125829 0.00393618 0.0044143
128451 0.00392477 0.00430684
131072 0.00411424 0.0042033
133693 0.00419935 0.00410347
136315 0.00403481 0.00400714
138936 0.00326536 0.0039142
141558 0.00317694 0.00382444
144179 0.00351654 0.00373778
146801 0.00357687 0.00365401
149422 0.00255932 0.00357307
152044 0.00266601 0.00349477
154665 0.00347973 0.00341905
157286 0.00337342 0.00334578
159908 0.00292516 0.00327481
162529 0.00321677 0.00320612
165151 0.00258797 0.00313954
167772 0.00289831 0.00307504
173015 0.0034745 0.00295184
178258 0.00353049 0.00283589
183501 0.00343729 0.00272661
188744 0.00410624 0.00262349
193987 0.00401281 0.00252603
199229 0.00283393 0.00243385
