% q = 0.5
lag_time F_qt
0 1
0.1 0.999945
0.2 0.999841
0.3 0.999729
0.4 0.99962
0.5 0.999516
0.6 0.999418
0.7 0.999324
0.8 0.999233
0.9 0.999145
1 0.99906
1.1 0.998978
1.2 0.998897
1.3 0.998816
1.4 0.998738
1.5 0.99866
1.6 0.998584
1.7 0.998509
1.8 0.998435
1.9 0.998362
2 0.998289
2.1 0.998217
2.2 0.998146
2.3 0.998076
2.4 0.998007
2.5 0.997938
2.6 0.997869
2.7 0.997801
2.8 0.997734
2.9 0.997666
3 0.9976
3.1 0.997534
3.2 0.997468
3.3 0.997403
3.4 0.997339
3.5 0.997277
3.6 0.997215
3.7 0.997154
3.8 0.997093
3.9 0.997033
4 0.996974
4.1 0.996914
4.2 0.996855
4.3 0.996797
4.4 0.996739
4.5 0.996682
4.6 0.996624
4.7 0.996567
4.8 0.99651
4.9 0.996453
5 0.996395
5.1 0.996337
5.2 0.996278
5.3 0.996219
5.4 0.996161
5.5 0.996104
5.6 0.996047
5.7 0.995989
5.8 0.995932
5.9 0.995875
6 0.995817
6.1 0.99576
6.2 0.995703
6.3 0.995648
6.4 0.995593
6.5 0.995539
6.6 0.995486
6.7 0.995432
6.8 0.995379
6.9 0.995326
7 0.995272
7.1 0.995218
7.2 0.995164
7.3 0.995111
7.4 0.995059
7.5 0.995007
7.6 0.994955
7.7 0.994904
7.8 0.994854
7.9 0.994804
8 0.994754
8.1 0.994705
8.2 0.994657
8.3 0.994609
8.4 0.994562
8.5 0.994515
8.6 0.994468
8.7 0.994421
8.8 0.994372
8.9 0.994322
9 0.994272
9.1 0.994222
9.2 0.994172
9.3 0.994123
9.4 0.994072
9.5 0.994022
9.6 0.993971
9.7 0.993919
9.8 0.993867
9.9 0.993814
10 0.993761
10.1 0.993709
10.2 0.993657
10.3 0.993606
10.4 0.993557
10.5 0.993507
10.6 0.993458
10.7 0.99341
10.8 0.993362
10.9 0.993316
11 0.99327
11.1 0.993224
11.2 0.993177
11.3 0.993132
11.4 0.993086
11.5 0.99304
11.6 0.992993
11.7 0.992946
11.8 0.9929
11.9 0.992853
12 0.992807
12.1 0.992761
12.2 0.992716
12.3 0.99267
12.4 0.992622
12.5 0.992573
12.6 0.992524
12.7 0.992475
12.8 0.992426
12.9 0.992377
13 0.992329
13.1 0.992281
13.2 0.992232
13.3 0.992185
13.4 0.992138
13.5 0.992091
13.6 0.992045
13.7 0.991998
13.8 0.991951
13.9 0.991906
14 0.991861
14.1 0.991815
14.2 0.99177
14.3 0.991724
14.4 0.991678
14.5 0.991632
14.6 0.991586
14.7 0.991541
14.8 0.991495
14.9 0.99145
15 0.991405
15.1 0.99136
15.2 0.991314
15.3 0.991267
15.4 0.991221
15.5 0.991174
15.6 0.991126
15.7 0.991077
15.8 0.991029
15.9 0.990982
16 0.990935
16.1 0.990888
16.2 0.990842
16.3 0.990797
16.4 0.990752
16.5 0.990709
16.6 0.990665
16.7 0.990622
16.8 0.990577
16.9 0.990532
17 0.990486
17.1 0.990441
17.2 0.990396
17.3 0.990351
17.4 0.990306
17.5 0.99026
17.6 0.990213
17.7 0.990166
17.8 0.990119
17.9 0.990073
18 0.990027
18.1 0.989981
18.2 0.989935
18.3 0.989889
18.4 0.989843
18.5 0.989798
18.6 0.989753
18.7 0.989708
18.8 0.989662
18.9 0.989617
19 0.989572
19.1 0.989527
19.2 0.989483
19.3 0.98944
19.4 0.989396
19.5 0.989354
19.6 0.989311
19.7 0.989269
19.8 0.989228
19.9 0.989188
20 0.989148
20.1 0.989106
20.2 0.989064
20.3 0.989022
20.4 0.988981
20.5 0.98894
20.6 0.988899
20.7 0.988858
20.8 0.988817
20.9 0.988776
21 0.988733
21.1 0.988691
21.2 0.98865
21.3 0.98861
21.4 0.988571
21.5 0.98853
21.6 0.98849
21.7 0.988449
21.8 0.988408
21.9 0.988365
22 0.988322
22.1 0.988279
22.2 0.988237
22.3 0.988194
22.4 0.988151
22.5 0.988109
22.6 0.988067
22.7 0.988025
22.8 0.987985
22.9 0.987944
23 0.987904
23.1 0.987864
23.2 0.987825
23.3 0.987786
23.4 0.987747
23.5 0.987708
23.6 0.987669
23.7 0.987631
23.8 0.987593
23.9 0.987555
24 0.987516
24.1 0.987477
24.2 0.987438
24.3 0.987399
24.4 0.987361
24.5 0.987324
24.6 0.987288
24.7 0.987252
24.8 0.987215
24.9 0.987179
25 0.987143
25.1 0.987107
25.2 0.98707
25.3 0.987034
25.4 0.986997
25.5 0.986961
25.6 0.986927
25.7 0.986893
25.8 0.98686
25.9 0.986828
26 0.986795
26.1 0.986761
26.2 0.986726
26.3 0.986691
26.4 0.986655
26.5 0.986619
26.6 0.986582
26.7 0.986545
26.8 0.986508
26.9 0.986472
27 0.986438
27.1 0.986404
27.2 0.986372
27.3 0.986339
27.4 0.986306
27.5 0.986272
27.6 0.986239
27.7 0.986206
27.8 0.986173
27.9 0.98614
28 0.986108
28.1 0.986076
28.2 0.986044
28.3 0.986012
28.4 0.985982
28.5 0.985952
28.6 0.985922
28.7 0.985891
28.8 0.985861
28.9 0.985832
29 0.985805
29.1 0.985779
29.2 0.985753
29.3 0.985726
29.4 0.9857
29.5 0.985674
29.6 0.985647
29.7 0.98562
29.8 0.985593
29.9 0.985565
30 0.985537
30.1 0.985509
30.2 0.98548
30.3 0.985452
30.4 0.985425
30.5 0.985399
30.6 0.985373
30.7 0.985347
30.8 0.985319
30.9 0.98529
31 0.985261
31.1 0.985232
31.2 0.985203
31.3 0.985175
31.4 0.985148
31.5 0.98512
31.6 0.985092
31.7 0.985064
31.8 0.985036
31.9 0.985008
32 0.984979
32.1 0.984951
32.2 0.984923
32.3 0.984894
32.4 0.984865
32.5 0.984837
32.6 0.98481
32.7 0.984782
32.8 0.984755
32.9 0.984729
33 0.984702
33.1 0.984675
33.2 0.984648
33.3 0.98462
33.4 0.984594
33.5 0.984567
33.6 0.984541
33.7 0.984515
33.8 0.984488
33.9 0.984459
34 0.984431
34.1 0.984402
34.2 0.984373
34.3 0.984343
34.4 0.984314
34.5 0.984285
34.6 0.984256
34.7 0.984228
34.8 0.9842
34.9 0.984172
35 0.984146
35.1 0.984119
35.2 0.984092
35.3 0.984067
35.4 0.984043
35.5 0.984018
35.6 0.983993
35.7 0.983967
35.8 0.98394
35.9 0.983911
36 0.983883
36.1 0.983856
36.2 0.98383
36.3 0.983802
36.4 0.983775
36.5 0.983746
36.6 0.983718
36.7 0.983688
36.8 0.983657
36.9 0.983625
37 0.983595
37.1 0.983565
37.2 0.983535
37.3 0.983506
37.4 0.983477
37.5 0.983446
37.6 0.983415
37.7 0.983383
37.8 0.983351
37.9 0.983321
38 0.983291
38.1 0.983261
38.2 0.983232
38.3 0.983204
38.4 0.983176
38.5 0.983149
38.6 0.983122
38.7 0.983095
38.8 0.983067
38.9 0.983039
39 0.98301
39.1 0.982981
39.2 0.982952
39.3 0.982923
39.4 0.982895
39.5 0.982868
39.6 0.98284
39.7 0.982813
39.8 0.982785
39.9 0.982757
40 0.982729
40.1 0.982699
40.2 0.98267
40.3 0.982642
40.4 0.982613
40.5 0.982585
40.6 0.982558
40.7 0.982531
40.8 0.982504
40.9 0.982478
41 0.982451
41.1 0.982424
41.2 0.982398
41.3 0.982373
41.4 0.982348
41.5 0.982324
41.6 0.982302
41.7 0.98228
41.8 0.982258
41.9 0.982236
42 0.982215
42.1 0.982194
42.2 0.982172
42.3 0.982149
42.4 0.982124
42.5 0.982098
42.6 0.982071
42.7 0.982044
42.8 0.982017
42.9 0.981991
43 0.981966
43.1 0.98194
43.2 0.981913
43.3 0.981887
43.4 0.981861
43.5 0.981835
43.6 0.98181
43.7 0.981787
43.8 0.981766
43.9 0.981745
44 0.981725
44.1 0.981707
44.2 0.981691
44.3 0.981675
44.4 0.981661
44.5 0.981647
44.6 0.981633
44.7 0.981619
44.8 0.981605
44.9 0.981589
45 0.981574
45.1 0.981559
45.2 0.981544
45.3 0.98153
45.4 0.981515
45.5 0.9815
45.6 0.981484
45.7 0.981467
45.8 0.981448
45.9 0.98143
46 0.981411
46.1 0.981393
46.2 0.981375
46.3 0.981358
46.4 0.981342
46.5 0.981325
46.6 0.981308
46.7 0.981292
46.8 0.981276
46.9 0.98126
47 0.981245
47.1 0.981229
47.2 0.981214
47.3 0.9812
47.4 0.981186
47.5 0.981172
47.6 0.981158
47.7 0.981145
47.8 0.981133
47.9 0.981121
48 0.981111
48.1 0.981101
48.2 0.981091
48.3 0.981079
48.4 0.981066
48.5 0.981053
48.6 0.981039
48.7 0.981024
48.8 0.981009
48.9 0.980996
49 0.980982
49.1 0.980968
49.2 0.980952
49.3 0.980936
49.4 0.98092
49.5 0.980904
49.6 0.980888
49.7 0.980871
49.8 0.980854
49.9 0.980836
50 0.980817
50.1 0.980799
50.2 0.980781
50.3 0.980763
50.4 0.980746
50.5 0.980729
50.6 0.980713
50.7 0.980697
50.8 0.980681
50.9 0.980666
51 0.980653
51.1 0.98064
51.2 0.980629
51.3 0.980617
51.4 0.980605
51.5 0.980591
51.6 0.980577
51.7 0.980564
51.8 0.980551
51.9 0.980539
52 0.980529
52.1 0.980521
52.2 0.980512
52.3 0.980501
52.4 0.980492
52.5 0.980481
52.6 0.980469
52.7 0.980458
52.8 0.980447
52.9 0.980436
53 0.980425
53.1 0.980413
53.2 0.980401
53.3 0.980388
53.4 0.980376
53.5 0.980362
53.6 0.980347
53.7 0.980333
53.8 0.98032
53.9 0.980306
54 0.980293
54.1 0.98028
54.2 0.980267
54.3 0.980255
54.4 0.980243
54.5 0.980233
54.6 0.980225
54.7 0.980217
54.8 0.980209
54.9 0.980202
55 0.980194
55.1 0.980187
55.2 0.98018
55.3 0.980174
55.4 0.980168
55.5 0.980164
55.6 0.98016
55.7 0.980157
55.8 0.980153
55.9 0.980149
56 0.980142
56.1 0.980135
56.2 0.980127
56.3 0.980118
56.4 0.98011
56.5 0.980099
56.6 0.980087
56.7 0.980072
56.8 0.980056
56.9 0.98004
57 0.980023
57.1 0.980007
57.2 0.979993
57.3 0.979978
57.4 0.979962
57.5 0.979947
57.6 0.979932
57.7 0.979919
57.8 0.979908
57.9 0.979899
58 0.97989
58.1 0.979882
58.2 0.979873
58.3 0.979864
58.4 0.979854
58.5 0.979844
58.6 0.979833
58.7 0.979821
58.8 0.979808
58.9 0.979795
59 0.97978
59.1 0.979764
59.2 0.979748
59.3 0.979732
59.4 0.979716
59.5 0.979699
59.6 0.979682
59.7 0.979664
59.8 0.979642
59.9 0.97962
60 0.979598
60.1 0.979577
60.2 0.979557
60.3 0.979538
60.4 0.97952
60.5 0.979503
60.6 0.979485
60.7 0.979466
60.8 0.979448
60.9 0.979429
61 0.97941
61.1 0.979391
61.2 0.979372
61.3 0.979353
61.4 0.979334
61.5 0.979317
61.6 0.979299
61.7 0.979282
61.8 0.979264
61.9 0.979246
62 0.979227
62.1 0.979205
62.2 0.979184
62.3 0.979163
62.4 0.979141
62.5 0.979116
62.6 0.979093
62.7 0.979071
62.8 0.979049
62.9 0.979027
63 0.979004
63.1 0.978982
63.2 0.97896
63.3 0.978938
63.4 0.978918
63.5 0.978901
63.6 0.978886
63.7 0.978871
63.8 0.978857
63.9 0.978843
64 0.97883
64.1 0.978816
64.2 0.9788
64.3 0.978785
64.4 0.978771
64.5 0.97876
64.6 0.978751
64.7 0.978745
64.8 0.97874
64.9 0.978733
65 0.978724
65.2 0.978706
65.3 0.978696
65.4 0.978684
65.5 0.978672
65.6 0.97866
65.7 0.978647
65.8 0.978633
65.9 0.978617
66 0.978602
66.1 0.978588
66.2 0.978573
66.3 0.978559
66.4 0.978548
66.5 0.978538
66.6 0.978528
66.7 0.97852
66.9 0.978503
67 0.978497
67.1 0.978491
67.2 0.978486
67.3 0.978481
67.4 0.978476
67.5 0.978469
67.6 0.978462
67.7 0.978454
67.8 0.978446
67.9 0.978438
68 0.978431
68.2 0.978415
68.3 0.978407
68.4 0.9784
68.5 0.978394
68.6 0.978388
68.7 0.978383
68.8 0.978379
68.9 0.978372
69 0.978365
69.2 0.97835
69.3 0.978343
69.4 0.978336
69.5 0.978334
69.6 0.978334
69.7 0.978332
69.8 0.978327
69.9 0.978322
70 0.978314
70.2 0.978301
70.3 0.978294
70.4 0.978291
70.5 0.978289
70.6 0.978287
70.7 0.978287
70.8 0.978289
71 0.978296
71.1 0.9783
71.2 0.978302
71.3 0.9783
71.4 0.978294
71.5 0.978286
71.6 0.978279
71.8 0.978266
71.9 0.978259
72 0.978252
72.1 0.978246
72.2 0.978238
72.3 0.97823
72.5 0.978215
72.6 0.978208
72.7 0.978203
72.8 0.978198
72.9 0.978193
73 0.97819
73.2 0.978178
73.3 0.978168
73.4 0.978157
73.5 0.978144
73.6 0.978131
73.8 0.978106
73.9 0.978095
74 0.978086
74.1 0.978082
74.2 0.978078
74.3 0.978076
74.5 0.978068
74.6 0.978062
74.7 0.978053
74.8 0.978041
75 0.978018
75.1 0.978009
75.2 0.978002
75.3 0.977994
75.4 0.977985
75.6 0.977968
75.7 0.977956
75.8 0.977941
75.9 0.977924
76 0.977907
76.2 0.977874
76.3 0.977861
76.4 0.977849
76.5 0.977835
76.7 0.977808
76.8 0.977795
76.9 0.977783
77 0.977771
77.2 0.97774
77.3 0.977723
77.4 0.977704
77.5 0.977682
77.7 0.977632
77.8 0.977605
77.9 0.977579
78 0.977554
78.2 0.977502
78.3 0.977478
78.4 0.977458
78.5 0.977441
78.7 0.97741
78.8 0.977398
78.9 0.977386
79 0.97737
79.2 0.977335
79.3 0.977321
79.4 0.977309
79.6 0.977285
79.7 0.977273
79.8 0.977259
79.9 0.977242
80.1 0.977203
80.2 0.97719
80.3 0.97718
80.5 0.977156
80.6 0.977142
80.7 0.977127
80.8 0.977111
81 0.977074
81.1 0.977052
81.2 0.97703
81.4 0.976984
81.5 0.97696
81.6 0.976937
81.8 0.976886
81.9 0.976858
82 0.976831
82.2 0.976774
82.3 0.976747
82.4 0.976718
82.6 0.976655
82.7 0.976629
82.8 0.976606
83 0.976562
83.1 0.976541
83.2 0.976515
83.4 0.976472
83.5 0.976455
83.6 0.976439
83.8 0.976397
83.9 0.976369
84 0.97634
84.2 0.976275
84.3 0.976236
84.4 0.976191
84.6 0.976096
84.7 0.976055
84.8 0.976017
85 0.975943
85.1 0.975913
85.3 0.97586
85.4 0.975834
85.5 0.975808
85.7 0.975754
85.8 0.97573
86 0.975685
86.1 0.975665
86.2 0.975648
86.4 0.975604
86.5 0.975575
86.6 0.975548
86.8 0.975497
86.9 0.975468
87.1 0.975405
87.2 0.97537
87.3 0.975331
87.5 0.975246
87.6 0.975202
87.8 0.975123
87.9 0.975099
88.1 0.975067
88.2 0.975048
88.3 0.975028
88.5 0.974993
88.6 0.974973
88.8 0.974949
88.9 0.974944
89.1 0.974923
89.2 0.974915
89.3 0.974907
89.5 0.974876
89.6 0.974853
89.8 0.974809
89.9 0.974777
90.1 0.974693
90.2 0.974642
90.4 0.97454
90.5 0.974496
90.6 0.974458
90.8 0.974404
90.9 0.974386
91.1 0.974349
91.2 0.974333
91.4 0.974318
91.5 0.974327
91.7 0.974376
91.8 0.974393
92 0.974429
92.1 0.974443
92.3 0.974459
92.4 0.974466
92.6 0.974482
92.7 0.974489
92.9 0.974492
93 0.974486
93.2 0.974475
93.3 0.974483
93.5 0.974506
93.6 0.974521
93.8 0.974538
93.9 0.974531
94.1 0.974496
94.2 0.974472
94.4 0.97443
94.5 0.974411
94.7 0.974377
94.8 0.974351
95 0.974288
95.1 0.974258
95.3 0.974239
95.4 0.974247
95.6 0.974303
95.7 0.974337
95.9 0.974426
96.1 0.97451
96.2 0.974556
96.4 0.974627
96.5 0.974646
96.7 0.974651
96.8 0.974628
97 0.974565
97.1 0.974538
97.3 0.97445
97.5 0.97434
97.6 0.974262
97.8 0.974191
97.9 0.974133
98.1 0.973984
98.2 0.973899
98.4 0.973763
98.6 0.973625
98.7 0.973525
98.9 0.973339
99 0.973296
99.2 0.973227
99.4 0.973107
99.5 0.973111
99.7 0.973118
99.8 0.973091
100 0.973044
200 0.949279
300 0.9346
400 0.922318
500 0.911693
600 0.902275
700 0.893814
800 0.886108
900 0.879048
1000 0.872527
1100 0.866454
1200 0.860789
1300 0.855433
1400 0.850415
1500 0.845654
1600 0.841129
1700 0.836828
1800 0.832765
1900 0.828887
2000 0.825182
2100 0.821593
2200 0.818149
2300 0.81483
2400 0.811651
2500 0.80857
2600 0.805575
2700 0.802725
2800 0.799955
2900 0.797303
3000 0.794723
3100 0.792213
3200 0.789752
3300 0.787359
3400 0.78504
3500 0.782796
3600 0.780624
3700 0.778457
3800 0.776382
3900 0.774354
4000 0.772378
4100 0.770446
4200 0.768574
4300 0.766732
4400 0.764934
4500 0.763113
4600 0.761326
4700 0.759589
4800 0.757876
4900 0.756191
5000 0.754555
5100 0.752968
5200 0.751392
5300 0.74985
5400 0.748289
5500 0.746761
5600 0.745253
5700 0.743806
5800 0.742338
5900 0.74087
6000 0.739461
6100 0.73808
6200 0.736718
6300 0.735386
6400 0.73407
6500 0.732778
6600 0.731498
6700 0.73025
6800 0.729009
6900 0.727807
7000 0.726628
7100 0.725455
7200 0.72428
7300 0.72316
7400 0.722023
7500 0.720891
7600 0.719737
7700 0.718609
7800 0.717499
7900 0.716423
8000 0.715363
8100 0.714309
8200 0.713242
8300 0.712198
8400 0.71117
8500 0.710142
8600 0.709132
8700 0.708095
8800 0.707045
8900 0.706034
9000 0.704999
9100 0.703971
9200 0.702946
9300 0.70198
9400 0.701015
9500 0.70004
9600 0.6991
9700 0.698174
9800 0.697259
9900 0.696345
10000 0.695441
10100 0.694513
10200 0.693618
10300 0.69274
10400 0.691894
10500 0.691022
10600 0.690154
10700 0.689298
10800 0.688451
10900 0.687623
11000 0.686841
11100 0.686071
11200 0.685307
11300 0.684505
11400 0.683711
11500 0.682909
11600 0.682103
11700 0.68128
11800 0.680501
11900 0.679735
12000 0.678949
12100 0.678169
12200 0.677437
12300 0.676666
12400 0.675899
12500 0.675133
12600 0.674394
12700 0.673675
12800 0.672946
12900 0.672199
13000 0.671491
13100 0.670757
13200 0.670027
13300 0.669282
13400 0.668531
13500 0.66778
13600 0.667053
13700 0.666331
13800 0.665631
13900 0.664907
14000 0.664179
14100 0.663426
14200 0.662681
14300 0.661937
14400 0.661186
14500 0.660439
14600 0.659733
14700 0.658985
14800 0.658255
14900 0.657552
15000 0.656861
15100 0.656174
15200 0.65548
15300 0.654787
15400 0.654093
15500 0.653424
15600 0.652732
15700 0.652054
15800 0.651367
15900 0.65066
16000 0.649967
16100 0.649287
16200 0.648608
16300 0.647917
16400 0.647243
16500 0.646563
16600 0.645907
16700 0.645273
16800 0.644635
16900 0.643969
17000 0.643313
17100 0.642671
17200 0.642012
17300 0.641337
17400 0.640666
17500 0.63998
17600 0.639303
17700 0.638654
17800 0.638001
17900 0.637339
18000 0.636709
18100 0.636079
18200 0.635435
18300 0.634825
18400 0.634206
18500 0.633589
18600 0.632973
18700 0.632386
18800 0.631799
18900 0.631216
19000 0.630615
19100 0.63005
19200 0.62945
19300 0.628867
19400 0.628284
19500 0.627719
19600 0.627143
19700 0.626555
19800 0.625979
19900 0.625403
20000 0.624836
20100 0.624258
20200 0.623675
20300 0.623121
20400 0.622556
20500 0.621997
20600 0.621388
20700 0.62081
20800 0.620221
20900 0.619625
21000 0.619041
21100 0.61846
21200 0.617869
21300 0.617312
21400 0.616736
21500 0.616172
21600 0.615573
21700 0.614942
21800 0.614329
21900 0.6137
22000 0.613071
22100 0.612477
22200 0.611899
22300 0.61128
22400 0.610679
22500 0.610092
22600 0.609519
22700 0.608925
22800 0.608331
22900 0.607724
23000 0.607131
23100 0.606559
23200 0.605986
23300 0.605459
23400 0.604892
23500 0.604327
23600 0.603747
23700 0.60321
23800 0.60266
23900 0.60211
24000 0.601591
24100 0.601079
24200 0.600562
24300 0.600058
24400 0.599504
24500 0.598998
24600 0.598476
24700 0.597959
24800 0.597424
24900 0.596869
25000 0.59636
25100 0.595857
25200 0.595368
25300 0.594868
25400 0.594365
25500 0.593869
25600 0.593362
25700 0.59281
25800 0.592294
25900 0.591804
26000 0.591299
26100 0.590809
26200 0.590285
26300 0.589728
26400 0.589183
26500 0.588644
26600 0.588104
26700 0.587563
26800 0.587024
26900 0.586484
27000 0.585943
27100 0.585399
27200 0.584852
27300 0.584343
27400 0.583836
27500 0.583326
27600 0.582866
27700 0.5824
27800 0.581921
27900 0.581448
28000 0.580969
28100 0.58047
28200 0.579977
28300 0.57945
28400 0.578931
28500 0.578428
28600 0.57789
28700 0.577369
28800 0.57687
28900 0.576378
29000 0.575897
29100 0.575401
29200 0.574917
29300 0.574443
29400 0.573992
29500 0.573508
29600 0.573039
29700 0.572561
29800 0.572056
29900 0.571543
30000 0.571025
30100 0.570539
30200 0.570049
30300 0.569551
30400 0.569054
30500 0.568546
30600 0.568071
30700 0.567575
30800 0.567054
30900 0.566552
31000 0.566034
31100 0.56554
31200 0.565028
31300 0.56453
31400 0.564045
31500 0.563564
31600 0.56308
31700 0.562592
31800 0.562077
31900 0.561556
32000 0.561079
32100 0.560577
32200 0.560092
32300 0.559606
32400 0.559127
32500 0.558613
32600 0.558097
32700 0.557584
32800 0.557082
32900 0.556582
33000 0.556031
33100 0.555485
33200 0.554989
33300 0.554481
33400 0.553983
33500 0.553517
33600 0.553052
33700 0.552571
33800 0.552111
33900 0.55163
34000 0.551138
34100 0.550663
34200 0.550159
34300 0.54966
34400 0.549212
34500 0.548716
34600 0.548194
34700 0.547659
34800 0.547129
34900 0.546611
35000 0.546111
35100 0.545616
35200 0.54514
35300 0.544625
35400 0.544103
35500 0.543623
35600 0.543116
35700 0.542604
35800 0.542102
35900 0.541612
36000 0.5411
36100 0.540584
36200 0.540087
36300 0.53961
36400 0.539107
36500 0.538596
36600 0.538108
36700 0.537623
36800 0.537105
36900 0.536621
37000 0.536146
37100 0.535664
37200 0.535194
37300 0.534721
37400 0.534263
37500 0.533791
37600 0.533323
37700 0.532858
37800 0.532386
37900 0.531906
38000 0.531439
38100 0.530951
38200 0.530457
38300 0.529944
38400 0.529462
38500 0.528967
38600 0.52848
38700 0.527987
38800 0.527484
38900 0.527034
39000 0.526528
39100 0.526043
39200 0.525581
39300 0.52511
39400 0.524641
39500 0.524152
39600 0.523657
39700 0.523172
39800 0.522672
39900 0.5222
40000 0.521713
40100 0.52122
40200 0.52075
40300 0.520274
40400 0.519834
40500 0.519376
40600 0.518927
40700 0.518488
40800 0.51803
40900 0.517579
41000 0.517129
41100 0.516671
41200 0.516213
41300 0.515764
41400 0.515327
41500 0.514894
41600 0.514437
41700 0.513981
41800 0.513529
41900 0.513095
42000 0.512636
42100 0.512212
42200 0.511769
42300 0.511337
42400 0.510925
42500 0.510484
42600 0.510039
42700 0.509607
42800 0.509179
42900 0.508745
43000 0.50829
43100 0.507866
43200 0.507409
43300 0.506979
43400 0.506554
43500 0.506129
43600 0.50566
43700 0.505203
43800 0.504745
43900 0.504307
44000 0.503873
44100 0.50345
44200 0.503022
44300 0.502583
44400 0.502193
44500 0.501787
44600 0.501368
44700 0.500944
44800 0.500498
44900 0.500041
45000 0.499584
45100 0.499139
45200 0.49869
45300 0.498229
45400 0.497764
45500 0.497327
45600 0.496902
45700 0.496466
45800 0.496043
45900 0.49561
46000 0.495175
46100 0.494748
46200 0.494332
46300 0.4939
46400 0.493486
46500 0.49309
46600 0.492696
46700 0.492289
46800 0.491862
46900 0.491461
47000 0.491061
47100 0.490668
47200 0.490265
47300 0.489823
47400 0.489383
47500 0.488963
47600 0.488564
47700 0.488158
47800 0.487773
47900 0.487374
48000 0.486967
48100 0.48659
48200 0.486206
48300 0.485829
48400 0.485443
48500 0.485057
48600 0.484678
48700 0.484244
48800 0.483823
48900 0.483431
49000 0.483049
49100 0.482612
49200 0.482196
49300 0.481831
49400 0.481418
49500 0.48101
49600 0.480591
49700 0.480189
49800 0.479778
49900 0.47939
50000 0.478992
50100 0.478634
50200 0.478235
50300 0.477834
50400 0.477448
50500 0.477075
50600 0.476714
50700 0.476315
50800 0.475896
50900 0.475505
51000 0.475094
51100 0.474682
51200 0.47426
51300 0.473844
51400 0.473419
51500 0.473026
51600 0.472599
51700 0.472179
51800 0.471757
51900 0.471315
52000 0.470865
52100 0.470443
52200 0.470015
52300 0.469595
52400 0.469179
52500 0.468777
52600 0.468369
52700 0.467928
52800 0.467497
52900 0.467092
53000 0.466681
53100 0.466289
53200 0.465844
53300 0.465434
53400 0.465029
53500 0.464606
53600 0.464211
53700 0.46383
53800 0.463449
53900 0.46305
54000 0.462647
54100 0.462209
54200 0.461804
54300 0.461404
54400 0.461012
54500 0.460626
54600 0.460223
54700 0.459805
54800 0.459387
54900 0.458957
55000 0.458532
55100 0.458132
55200 0.457735
55300 0.457309
55400 0.456862
55500 0.456409
55600 0.456
55700 0.455597
55800 0.45519
55900 0.454785
56000 0.454384
56100 0.454003
56200 0.453603
56300 0.453216
56400 0.452855
56500 0.452479
56600 0.452095
56700 0.451714
56800 0.451349
56900 0.450972
57000 0.450606
57100 0.450247
57200 0.449844
57300 0.449442
57400 0.449054
57500 0.448667
57600 0.448293
57700 0.447875
57800 0.447447
57900 0.44702
58000 0.446602
58100 0.446201
58200 0.445797
58300 0.445364
58400 0.444971
58500 0.444553
58600 0.444143
58700 0.443742
58800 0.443335
58900 0.442929
59000 0.442523
59100 0.442139
59200 0.441707
59300 0.44133
59400 0.440953
59500 0.440514
59600 0.440094
59700 0.439703
59800 0.439293
59900 0.438881
60000 0.438488
60100 0.438103
60200 0.437745
60300 0.437326
60400 0.436921
60500 0.436544
60600 0.436166
60700 0.435763
60800 0.435383
60900 0.435008
61000 0.434628
61100 0.434263
61200 0.43387
61300 0.43352
61400 0.433161
61500 0.432799
61600 0.432433
61700 0.432053
61800 0.431689
61900 0.431322
62000 0.430924
62100 0.430521
62200 0.430102
62300 0.42971
62400 0.429304
62500 0.428913
62700 0.428216
62800 0.427883
62900 0.427535
63000 0.427197
63100 0.42684
63200 0.426479
63300 0.426115
63400 0.425731
63500 0.425367
63600 0.425003
63700 0.424607
63800 0.424209
63900 0.423813
64000 0.423435
64100 0.423033
64200 0.422583
64300 0.422161
64400 0.421729
64500 0.421346
64600 0.420957
64700 0.420575
64800 0.420169
64900 0.419794
65000 0.419434
65100 0.419063
65200 0.418662
65300 0.418308
65400 0.417955
65500 0.417553
65600 0.417115
65800 0.416341
65900 0.415931
66000 0.415557
66100 0.415126
66200 0.41472
66300 0.414295
66400 0.413883
66500 0.413502
66600 0.4131
66700 0.412752
66800 0.412385
66900 0.412015
67000 0.411646
67100 0.411261
67300 0.410488
67400 0.410102
67500 0.409719
67600 0.409333
67700 0.408926
67800 0.408536
67900 0.408147
68000 0.407772
68100 0.407355
68200 0.406914
68300 0.4065
68500 0.405681
68600 0.405277
68700 0.40489
68800 0.404513
68900 0.404147
69000 0.403795
69100 0.403417
69200 0.403034
69300 0.402664
69500 0.401908
69600 0.401521
69700 0.401165
69800 0.400822
69900 0.40046
70000 0.400106
70100 0.39974
70200 0.399411
70400 0.39872
70500 0.398356
70600 0.398003
70700 0.39768
70800 0.397325
70900 0.397016
71000 0.396655
71200 0.395954
71300 0.395632
71400 0.395287
71500 0.394949
71600 0.3946
71700 0.394214
71800 0.393882
72000 0.39313
72100 0.392761
72200 0.392406
72300 0.392058
72400 0.391719
72500 0.391367
72700 0.390647
72800 0.390318
72900 0.389981
73000 0.389633
73100 0.389323
73200 0.388969
73400 0.388242
73500 0.387894
73600 0.387541
73700 0.387203
73800 0.386848
74000 0.386237
74100 0.385906
74200 0.385597
74300 0.385251
74400 0.384856
74600 0.384155
74700 0.383797
74800 0.383438
74900 0.383081
75000 0.38272
75200 0.382033
75300 0.381645
75400 0.381281
75500 0.380961
75600 0.380658
75800 0.379998
75900 0.379688
76000 0.379365
76100 0.379032
76300 0.378367
76400 0.37804
76500 0.377718
76600 0.377357
76700 0.377005
76900 0.376369
77000 0.376015
77100 0.37566
77200 0.375284
77400 0.374555
77500 0.374228
77600 0.373889
77700 0.373555
77900 0.372837
78000 0.372498
78100 0.372168
78200 0.371838
78400 0.371237
78500 0.370907
78600 0.37058
78800 0.36993
78900 0.369612
79000 0.369279
79100 0.368923
79300 0.368281
79400 0.367938
79500 0.367597
79600 0.367276
79800 0.366604
79900 0.366271
80000 0.365964
80200 0.365369
80300 0.365059
80400 0.364758
80500 0.364445
80700 0.363832
80800 0.363511
80900 0.363194
81100 0.362571
81200 0.362307
81300 0.362037
81500 0.361474
81600 0.361154
81700 0.360791
81900 0.36005
82000 0.359708
82100 0.359368
82300 0.358649
82400 0.358305
82500 0.357953
82700 0.357287
82800 0.356965
82900 0.356647
83100 0.356041
83200 0.35573
83300 0.355444
83500 0.354858
83600 0.354602
83700 0.354315
83900 0.3537
84000 0.353399
84100 0.353073
84300 0.352434
84400 0.352132
84500 0.351815
84700 0.351208
84800 0.350911
84900 0.350567
85100 0.349914
85200 0.349571
85400 0.348942
85500 0.348602
85600 0.348283
85800 0.347624
85900 0.347277
86000 0.346932
86200 0.346393
86300 0.34611
86500 0.345519
86600 0.34522
86700 0.344915
86900 0.344299
87000 0.344005
87200 0.343385
87300 0.343114
87400 0.342834
87600 0.342285
87700 0.34204
87900 0.341586
88000 0.341351
88200 0.340792
88300 0.340502
88400 0.340238
88600 0.339651
88700 0.339402
88900 0.338822
89000 0.338501
89200 0.337879
89300 0.337573
89400 0.337292
89600 0.336673
89700 0.336365
89900 0.335769
90000 0.335429
90200 0.334765
90300 0.334488
90500 0.333912
90600 0.333596
90700 0.333283
90900 0.33265
91000 0.332376
91200 0.331784
91300 0.331484
91500 0.330918
91600 0.33061
91800 0.330059
91900 0.329807
92100 0.329195
92200 0.32888
92400 0.328272
92500 0.327967
92700 0.327386
92800 0.327096
93000 0.326527
93100 0.326261
93300 0.325683
93400 0.325376
93600 0.324751
93700 0.324459
93900 0.323852
94000 0.323533
94200 0.322913
94300 0.322579
94500 0.321961
94600 0.321664
94800 0.321083
94900 0.320802
95100 0.32024
95200 0.319931
95400 0.319344
95500 0.319054
95700 0.318557
95900 0.318045
96000 0.317765
96200 0.317259
96300 0.317015
96500 0.316463
96600 0.316186
96800 0.315595
96900 0.315324
97100 0.314792
97300 0.314232
97400 0.313962
97600 0.313383
97700 0.313088
97900 0.312522
98000 0.31224
98200 0.31164
98400 0.31108
98500 0.310801
98700 0.310289
98800 0.310045
99000 0.309529
99200 0.308967
99300 0.308721
99500 0.308159
99600 0.307846
99800 0.307262
100000 0.306736
100100 0.306498
100300 0.305965
100400 0.305728
100600 0.305246
100800 0.304767
100900 0.304512
101100 0.304006
101300 0.303488
101400 0.303193
101600 0.302647
101700 0.302384
101900 0.301852
102100 0.301336
102200 0.301089
102400 0.300538
102600 0.299967
102700 0.299664
102900 0.29904
103100 0.298527
103200 0.298274
103400 0.297784
103600 0.297273
103700 0.29699
103900 0.296446
104100 0.295902
104200 0.29566
104400 0.29513
104600 0.294604
104700 0.294308
104900 0.293738
105100 0.29315
105200 0.292813
105400 0.292183
105600 0.291586
105800 0.291042
105900 0.290763
106100 0.290209
106300 0.289649
106400 0.289352
106600 0.288805
106800 0.288313
107000 0.287784
107100 0.287524
107300 0.287011
107500 0.286514
107600 0.28626
107800 0.28575
108000 0.285243
108200 0.284718
108300 0.284446
108500 0.283858
108700 0.283236
108900 0.282644
109000 0.282384
109200 0.281866
109400 0.281376
109600 0.280923
109700 0.280695
109900 0.280236
110100 0.279707
110300 0.279239
110500 0.278688
110600 0.2784
110800 0.277854
111000 0.27737
111200 0.276893
111400 0.276417
111500 0.276142
111700 0.275643
111900 0.275192
112100 0.274725
112300 0.274272
112400 0.274031
112600 0.273526
112800 0.272989
113000 0.272438
113200 0.272001
113300 0.271735
113500 0.271227
113700 0.270781
113900 0.270285
114100 0.269759
114300 0.269232
114400 0.268969
114600 0.268457
114800 0.267952
115000 0.267456
115200 0.266976
115400 0.266453
115600 0.265975
115700 0.265748
115900 0.265261
116100 0.264717
116300 0.264203
116500 0.263749
116700 0.2632
116900 0.262721
117100 0.262267
117200 0.262061
117400 0.261654
117600 0.261221
117800 0.26079
118000 0.260388
118200 0.259988
118400 0.259637
118600 0.259199
118800 0.258661
119000 0.258151
119100 0.257911
119300 0.257456
119500 0.257036
119700 0.256556
119900 0.256101
120100 0.255567
120300 0.255051
120500 0.25457
120700 0.254051
120900 0.25361
121100 0.25319
121300 0.252748
121500 0.252239
121700 0.251768
121900 0.251317
122100 0.250894
122300 0.250469
122500 0.250032
122700 0.2496
122900 0.24912
123100 0.248544
123200 0.248258
123400 0.247755
123600 0.247287
123800 0.246877
124000 0.246398
124200 0.245912
124400 0.245445
124600 0.245025
124800 0.244542
125000 0.244015
125300 0.243267
125500 0.242837
125700 0.242386
125900 0.241913
126100 0.241484
126300 0.241059
126500 0.240644
126700 0.240229
126900 0.239823
127100 0.239385
127300 0.238945
127500 0.238546
127700 0.238112
127900 0.237678
128100 0.23726
128300 0.236785
128500 0.236342
128700 0.235925
128900 0.235502
129100 0.235015
129400 0.234362
129600 0.233929
129800 0.23353
130000 0.233138
130200 0.232733
130400 0.232298
130600 0.231919
130800 0.231481
131000 0.231037
131200 0.230624
131500 0.230091
131700 0.229794
131900 0.229435
132100 0.229032
132300 0.228688
132500 0.228324
132700 0.227994
132900 0.227651
133200 0.227039
133400 0.226688
133600 0.226364
133800 0.226014
134000 0.22563
134200 0.225247
134500 0.224681
134700 0.224342
134900 0.224029
135100 0.223688
135300 0.223318
135500 0.222924
135800 0.222332
136000 0.221987
136200 0.221688
136400 0.22136
136600 0.221046
136900 0.220485
137100 0.220095
137300 0.219747
137500 0.219388
137700 0.218984
138000 0.218283
138200 0.217869
138400 0.21747
138600 0.217056
138900 0.216502
139100 0.216237
139300 0.215921
139500 0.215586
139800 0.215076
140000 0.214643
140200 0.214198
140400 0.213795
140700 0.213226
140900 0.212857
141100 0.212483
141300 0.212099
141600 0.211614
141800 0.21129
142000 0.210949
142300 0.210442
142500 0.210121
142700 0.209771
142900 0.209453
143200 0.208926
143400 0.20858
143600 0.20824
143900 0.207703
144100 0.207319
144300 0.206971
144600 0.206467
144800 0.206124
145000 0.205731
145300 0.205124
145500 0.204722
145700 0.204276
146000 0.203801
146200 0.203427
146400 0.203026
146700 0.202439
146900 0.202075
147200 0.20156
147400 0.201206
147600 0.200876
147900 0.20038
148100 0.200016
148300 0.199665
148600 0.19914
148800 0.198742
149100 0.19817
149300 0.1978
149500 0.197378
149800 0.196825
150000 0.196495
150300 0.196017
150500 0.195652
150800 0.195204
151000 0.19488
151200 0.194567
151500 0.194055
151700 0.19371
152000 0.193174
152200 0.19284
152500 0.192357
152700 0.192035
153000 0.191562
153200 0.191254
153400 0.190926
153700 0.190357
153900 0.190074
154200 0.189624
154400 0.189329
154700 0.18887
154900 0.188496
155200 0.187964
155400 0.187621
155700 0.187171
155900 0.186819
156200 0.18627
156400 0.185975
156700 0.185565
156900 0.185246
157200 0.184768
157500 0.18435
157700 0.184005
158000 0.18353
158200 0.183205
158500 0.182745
158700 0.182429
159000 0.18194
159200 0.181607
159500 0.181081
159800 0.180503
160000 0.180094
160300 0.179455
160500 0.179078
160800 0.178504
161000 0.178133
161300 0.177648
161600 0.177156
161800 0.176797
162100 0.176277
162400 0.175737
162600 0.175304
162900 0.174687
163100 0.174249
163400 0.173681
163700 0.173141
163900 0.172826
164200 0.172378
164500 0.171939
164700 0.171621
165000 0.171154
165300 0.170653
165500 0.170313
165800 0.169898
166100 0.169441
166300 0.169093
166600 0.168574
166900 0.16814
167100 0.167862
167400 0.167456
167700 0.167067
167900 0.166744
168200 0.166183
168500 0.165607
168800 0.165046
169000 0.164667
169300 0.164194
169600 0.163702
169800 0.163455
170100 0.163046
170400 0.162697
170700 0.162298
170900 0.162039
171200 0.161605
171500 0.161209
171800 0.160772
172000 0.160456
172300 0.159953
172600 0.15944
172900 0.158983
173200 0.15853
173400 0.158265
173700 0.157934
174000 0.157581
174300 0.157182
174600 0.156689
174800 0.156471
175100 0.15607
175400 0.155678
175700 0.155234
176000 0.154846
176300 0.154444
176500 0.154119
176800 0.153648
177100 0.153241
177400 0.152759
177700 0.152428
178000 0.152023
178300 0.151593
178500 0.15132
178800 0.150861
179100 0.150456
179400 0.149974
179700 0.149628
180000 0.149281
180300 0.148973
180600 0.148554
180900 0.148091
181200 0.147721
181400 0.147559
181700 0.147312
182000 0.14701
182300 0.146734
182600 0.146338
182900 0.145985
183200 0.14559
183500 0.145224
183800 0.144795
184100 0.144362
184400 0.14403
184700 0.143723
185000 0.143381
185300 0.143034
185600 0.142712
185900 0.142359
186200 0.14195
186500 0.141447
186800 0.141041
187100 0.140632
187400 0.14016
187700 0.139785
188000 0.139322
188300 0.138863
188600 0.138496
188900 0.138161
189200 0.137743
189500 0.13731
189800 0.136989
190100 0.136607
190400 0.136353
190700 0.136035
191000 0.135719
191400 0.13525
191700 0.134843
192000 0.134491
192300 0.134169
192600 0.133731
192900 0.133344
193200 0.133034
193500 0.132709
193800 0.132428
194200 0.131992
194500 0.131625
194800 0.131304
195100 0.131109
195400 0.130855
195700 0.130576
196000 0.130255
196400 0.129934
196700 0.129636
197000 0.129316
197300 0.129064
197600 0.128758
197900 0.128385
198300 0.127942
198600 0.127647
198900 0.127329
199200 0.127024
199500 0.126636
199900 0.126239
200200 0.125971
200500 0.125678
200800 0.12537
201200 0.124932
201500 0.12468
201800 0.12441
202100 0.124049
202500 0.123723
202800 0.123354
203100 0.122993
203400 0.122665
203800 0.122163
204100 0.121791
204400 0.121485
204800 0.12102
205100 0.120714
205400 0.120341
205700 0.120001
206100 0.119506
206400 0.119139
206700 0.118897
207100 0.118539
207400 0.118286
207700 0.118103
208100 0.117834
208400 0.117714
208800 0.117306
209100 0.117028
209400 0.116647
209800 0.116174
210100 0.115806
210400 0.115507
210800 0.115001
211100 0.11468
211500 0.114271
211800 0.11389
212100 0.113566
212500 0.113215
212800 0.112878
213200 0.11259
213500 0.112429
213900 0.112265
214200 0.112179
214600 0.111894
214900 0.111674
215200 0.111388
215600 0.110839
215900 0.110535
216300 0.110102
216600 0.109711
217000 0.109241
217300 0.109
217700 0.108583
218000 0.108225
218400 0.107847
218700 0.107562
219100 0.107201
219400 0.106978
219800 0.106551
220200 0.10613
220500 0.105861
220900 0.105384
221200 0.105101
221600 0.104755
221900 0.104551
222300 0.10423
222700 0.103794
223000 0.103492
223400 0.103047
223700 0.102787
224100 0.102448
224500 0.102106
224800 0.101776
225200 0.101436
225500 0.101232
225900 0.10094
226300 0.100603
226600 0.100396
227000 0.100109
227400 0.0998238
227700 0.0996586
228100 0.0993352
228500 0.0989432
228800 0.0986328
229200 0.0982768
229600 0.0978607
229900 0.0976314
230300 0.0971711
230700 0.0967997
231100 0.0964047
231400 0.0962242
231800 0.0958965
232200 0.0954777
232600 0.0951588
232900 0.094931
233300 0.0945721
233700 0.0943114
234100 0.0939604
234400 0.093678
234800 0.0933384
235200 0.0930935
235600 0.092833
236000 0.0923747
236300 0.092097
236700 0.0917828
237100 0.0914585
237500 0.091171
237900 0.0909993
238200 0.0908021
238600 0.0905251
239000 0.0901923
239400 0.0898913
239800 0.0895903
240200 0.0892951
240600 0.0890038
241000 0.0888038
241300 0.0886789
241700 0.0883064
242100 0.0879745
242500 0.087662
242900 0.0871231
243300 0.0867074
243700 0.086262
244100 0.0859607
244500 0.0855264
244900 0.0850533
245300 0.0847825
245700 0.0845006
246100 0.0843225
246400 0.0842069
246800 0.0840055
247200 0.083869
247600 0.0836307
248000 0.0832941
248400 0.0830237
248800 0.0827756
249200 0.0824396
249600 0.0821892
250000 0.0819351
250500 0.0816339
250900 0.0814298
251300 0.0811428
251700 0.0808705
252100 0.0806232
252500 0.0803496
252900 0.080146
253300 0.0799945
253700 0.079922
254100 0.0797831
254500 0.0795067
254900 0.0793
255300 0.0790578
255800 0.0788758
256200 0.0785841
256600 0.0782016
257000 0.0779703
257400 0.0776723
257800 0.0774042
258200 0.0770657
258700 0.0766737
259100 0.0762693
259500 0.0759124
259900 0.0754055
260300 0.0750266
260800 0.0745623
261200 0.0741579
261600 0.0738427
262000 0.0735644
262400 0.073114
262900 0.0727166
263300 0.0723609
263700 0.071993
264100 0.0716563
264600 0.0713417
265000 0.0711175
265400 0.0709424
265800 0.0706746
266300 0.0702738
266700 0.0700112
267100 0.0697464
267600 0.0693944
268000 0.0691454
268400 0.0689132
268900 0.068559
269300 0.0682105
269700 0.0679744
270200 0.0677779
270600 0.0678597
271000 0.0678939
271500 0.0677851
271900 0.067728
272300 0.0676132
272800 0.0673738
273200 0.0670535
273700 0.0668083
274100 0.0665269
274600 0.0660056
275000 0.0656786
275400 0.0655253
275900 0.065106
276300 0.0647728
276800 0.0644298
277200 0.0642692
277700 0.0641266
278100 0.0638851
278600 0.063631
279000 0.063389
279500 0.0629891
279900 0.0627568
280400 0.0624993
280800 0.0622409
281300 0.0619796
281700 0.0617456
282200 0.0615467
282600 0.0613083
283100 0.0610376
283500 0.0608076
284000 0.0606914
284500 0.0604443
284900 0.0602667
285400 0.0599995
285800 0.0597225
286300 0.0595478
286800 0.0593301
287200 0.0591434
287700 0.0588191
288200 0.0585484
288600 0.0582243
289100 0.0578068
289500 0.0575361
290000 0.0572955
290500 0.0570725
291000 0.0567094
291400 0.0564072
291900 0.0562107
292400 0.055985
292800 0.0557601
293300 0.0554376
293800 0.0550453
294300 0.0545438
294700 0.0543125
295200 0.0541062
295700 0.0538503
296200 0.0535771
296600 0.0534082
297100 0.0531566
297600 0.0530469
298100 0.0529696
298600 0.0527317
299000 0.0525492
299500 0.0523095
300000 0.0521045
300500 0.0518624
301000 0.0516446
301500 0.0514527
301900 0.0513091
302400 0.0509189
302900 0.0506638
303400 0.0504539
303900 0.0503497
304400 0.0501661
304900 0.0499302
305400 0.0496366
305900 0.0493511
306400 0.0491158
306800 0.0490146
307300 0.0488682
307800 0.0486579
308300 0.0485609
308800 0.0483943
309300 0.0483438
309800 0.0483071
310300 0.048386
310800 0.0484355
311300 0.0484168
311800 0.0483681
312300 0.0482738
312800 0.0482295
313300 0.048176
313800 0.0480145
314400 0.0477775
314900 0.04759
315400 0.0473212
315900 0.0469352
316400 0.0467862
316900 0.0467302
317400 0.0465963
317900 0.0464781
318400 0.0464245
318900 0.0466107
319500 0.0466216
320000 0.0466946
320500 0.0465671
321000 0.0465996
321500 0.0465998
322000 0.0464073
322600 0.0462885
323100 0.0461934
323600 0.0460641
324100 0.0459421
324700 0.0458898
325200 0.045783
325700 0.0456034
326200 0.045605
326800 0.0454341
327300 0.0453418
327800 0.0451582
328300 0.0450015
328900 0.044581
329400 0.0441837
329900 0.0439651
330500 0.0437812
331000 0.0436156
331500 0.0435769
332100 0.0434339
332600 0.0434201
333100 0.0434963
333700 0.0434325
334200 0.0432852
334700 0.0431202
335300 0.0428633
335800 0.0426623
336400 0.0425099
336900 0.0424254
337500 0.0422555
338000 0.0421722
338500 0.0420787
339100 0.0418954
339600 0.0416353
340200 0.0413594
340700 0.0412326
341300 0.0411057
341800 0.040962
342400 0.0408602
342900 0.040716
343500 0.0406572
344000 0.0405903
344600 0.0405899
345200 0.0405757
345700 0.0403992
346300 0.0401621
346800 0.040064
347400 0.039809
347900 0.0396922
348500 0.0394603
349100 0.0393069
349600 0.0391688
350200 0.0389372
350800 0.0386998
351300 0.0384674
351900 0.0382198
352500 0.0379531
353000 0.0379069
353600 0.0379065
354200 0.0379418
354700 0.0378576
355300 0.0378925
355900 0.0377109
356500 0.0378625
357000 0.0378627
357600 0.0378207
358200 0.0377501
358800 0.037765
359300 0.0378777
359900 0.0378263
360500 0.0375895
361100 0.0374254
361700 0.0372451
362300 0.0369883
362800 0.0367261
363400 0.0365673
364000 0.0365911
364600 0.0367812
365200 0.0367949
365800 0.0367606
366400 0.0367821
367000 0.0367759
367500 0.0365746
368100 0.0361801
368700 0.0360294
369300 0.0362753
369900 0.0365194
370500 0.0363444
371100 0.0364092
371700 0.0363898
372300 0.0363831
372900 0.0365186
373500 0.0363584
374100 0.036241
374700 0.036241
375300 0.0362078
375900 0.0360044
376500 0.0359429
377200 0.0358969
377800 0.035892
378400 0.0359039
379000 0.035948
379600 0.0358583
380200 0.0358542
380800 0.0359881
381400 0.0361787
382000 0.0361461
382700 0.035925
383300 0.0357392
383900 0.0355436
384500 0.0353561
385100 0.0354099
385800 0.0354625
386400 0.035484
387000 0.0354599
387600 0.0351977
388300 0.0349629
388900 0.0347053
389500 0.0342603
390100 0.034004
390800 0.0337529
391400 0.0336957
392000 0.0336813
392700 0.0334
393300 0.0332084
393900 0.0331497
394600 0.0329197
395200 0.0330008
395800 0.033097
396500 0.0330197
397100 0.0329651
397800 0.0328337
398400 0.0328427
399000 0.0327249
399700 0.0326259
400300 0.0324024
401000 0.032096
401600 0.0319665
402300 0.0318827
402900 0.0317829
403600 0.0315883
404200 0.0315188
404900 0.0312832
405500 0.031187
406200 0.0313316
406800 0.0313623
407500 0.0311489
408100 0.0310947
408800 0.0310562
409500 0.0311648
410100 0.0311099
410800 0.0309285
411400 0.0309335
412100 0.0306796
412800 0.0304403
413400 0.0302721
414100 0.0302427
414800 0.0300558
415400 0.0300373
416100 0.0300832
416800 0.029852
417500 0.0294059
418100 0.0291671
418800 0.0288686
419500 0.0283047
420200 0.0279953
420800 0.0279217
421500 0.0277965
422200 0.0278308
422900 0.0277216
423600 0.0274265
424200 0.0273755
424900 0.0272132
425600 0.0269763
426300 0.0268697
427000 0.0267763
427700 0.0266835
428400 0.0265199
429100 0.0262919
429700 0.0260794
430400 0.0259314
431100 0.025863
431800 0.0257917
432500 0.0257358
433200 0.0257701
433900 0.0254117
434600 0.0250629
435300 0.0248289
436000 0.0245905
436700 0.0245099
437400 0.0244357
438100 0.0241555
438800 0.0240639
439600 0.0241296
440300 0.0239818
441000 0.0238795
441700 0.023858
442400 0.0237377
443100 0.0234593
443800 0.0233079
444500 0.0231555
445300 0.0228058
446000 0.0225573
446700 0.0223473
447400 0.0220481
448100 0.0218911
448900 0.0217656
449600 0.0215089
450300 0.0212888
451000 0.0211354
451800 0.0209169
452500 0.0206953
453200 0.0205316
454000 0.0208842
454700 0.0211033
455400 0.0212091
456200 0.0211526
456900 0.0211853
457600 0.0211388
458400 0.020893
459100 0.0206756
459800 0.0201178
460600 0.0198508
461300 0.0198308
462100 0.0197097
462800 0.0195641
463600 0.0191793
464300 0.0190738
465100 0.0188846
465800 0.0188455
466600 0.0190324
467300 0.0189915
468100 0.0187648
468800 0.0185794
469600 0.0184651
470300 0.0181795
471100 0.0178856
471900 0.0176757
472600 0.0175753
473400 0.0174115
474100 0.0173306
474900 0.0170993
475700 0.0170625
476400 0.016866
477200 0.0167836
478000 0.0165337
478800 0.0160882
479500 0.0158443
480300 0.0155598
481100 0.0155061
481900 0.0154753
482600 0.0153863
483400 0.0155149
484200 0.015476
485000 0.0155321
485800 0.0154874
486500 0.0154897
487300 0.0154112
488100 0.0152566
488900 0.0149684
489700 0.0151548
490500 0.0151013
491300 0.0150167
492100 0.0152191
492800 0.0156568
493600 0.0159535
494400 0.0160489
495200 0.0159555
496000 0.0159027
496800 0.0157533
497600 0.0158026
498400 0.015993
499200 0.0162258
500000 0.016372
500900 0.0160113
501700 0.0158788
502500 0.0156546
503300 0.0155348
504100 0.0154913
504900 0.0155774
505700 0.015836
506500 0.0161501
507400 0.0160703
508200 0.0160512
509000 0.0162158
509800 0.0160883
510600 0.0160826
511500 0.0155412
512300 0.0149955
513100 0.0147481
513900 0.0149059
514800 0.0148877
515600 0.0148938
516400 0.0145451
517300 0.014274
518100 0.0143424
518900 0.0145962
519800 0.0143859
520600 0.0142319
521500 0.0140692
522300 0.0140956
523100 0.0138716
524000 0.0136456
524800 0.0135605
525700 0.0135594
526500 0.0133472
527400 0.0131363
528200 0.0132005
529100 0.013251
529900 0.0131683
530800 0.0131141
531600 0.0130203
532500 0.013163
533400 0.0131781
534200 0.0128872
535100 0.0126755
535900 0.0126291
536800 0.0125007
537700 0.0126178
538500 0.012671
539400 0.0126342
540300 0.0124876
541100 0.0123086
542000 0.0119559
542900 0.0117485
543800 0.0117641
544600 0.0117392
545500 0.011817
546400 0.0116213
547300 0.0112302
548200 0.0104105
549100 0.00975849
549900 0.00955765
550800 0.00920865
551700 0.00876585
552600 0.0087303
553500 0.00855958
554400 0.00857646
555300 0.00868087
556200 0.00865097
557100 0.00857173
558000 0.00851294
558900 0.00865247
559800 0.0084467
560700 0.00814521
561600 0.00775328
562500 0.00771153
563400 0.00746503
564300 0.00707097
565200 0.00660236
566100 0.00627534
567000 0.00587106
568000 0.00563819
568900 0.00532374
569800 0.00535802
570700 0.00516558
571600 0.0050407
572600 0.00525519
573500 0.00499834
574400 0.00482561
575300 0.00462901
576300 0.004708
577200 0.00462459
578100 0.00450883
579000 0.00433554
580000 0.00386877
580900 0.00364439
581900 0.00369121
582800 0.0036661
583700 0.00388948
584700 0.00380776
585600 0.00368825
586600 0.00357766
587500 0.00380592
588500 0.00396409
589400 0.00396532
590400 0.00364735
591300 0.00360078
592300 0.00325689
593200 0.00266871
594200 0.00250557
595100 0.00232484
596100 0.00228402
597100 0.00207953
598000 0.00161401
599000 0.00122751
599900 0.000864668
600900 0.000424764
601900 0.000327271
602900 1.76336e-05
603800 -0.000294936
604800 -0.000819103
605800 -0.00104396
606800 -0.00133259
607700 -0.00147406
608700 -0.00186432
609700 -0.0021382
610700 -0.0021585
611700 -0.00195971
612700 -0.00156131
613600 -0.00174145
614600 -0.00185877
615600 -0.00229528
616600 -0.00256935
617600 -0.00278131
618600 -0.00301154
619600 -0.00348979
620600 -0.00391919
621600 -0.00439104
622600 -0.00462448
623600 -0.00486618
624600 -0.00555942
625600 -0.00560186
626600 -0.00499059
627600 -0.0048999
628700 -0.00500101
629700 -0.00521098
630700 -0.00572796
631700 -0.00616543
632700 -0.00679133
633700 -0.00698319
634800 -0.00739815
635800 -0.00723914
636800 -0.0076152
637800 -0.00822112
638900 -0.00876048
639900 -0.00892565
640900 -0.00937371
642000 -0.00953217
643000 -0.0100152
644000 -0.0100227
645100 -0.00954285
646100 -0.0097412
647200 -0.00963006
648200 -0.00991219
649300 -0.00993648
650300 -0.0102505
651400 -0.0102393
652400 -0.0100747
653500 -0.00994435
654500 -0.0102575
655600 -0.0106656
656600 -0.0107504
657700 -0.0105396
658700 -0.0104472
659800 -0.0102747
660900 -0.0107344
661900 -0.0113999
663000 -0.0120198
664100 -0.0124738
665100 -0.012522
666200 -0.0125659
667300 -0.0129174
668400 -0.0134361
669400 -0.0133256
670500 -0.0133791
671600 -0.0131365
672700 -0.0130486
673800 -0.0130735
674900 -0.0131851
676000 -0.0135333
677000 -0.0132975
678100 -0.0129571
679200 -0.0127224
680300 -0.012833
681400 -0.012766
682500 -0.0126541
683600 -0.0125843
684700 -0.0123972
685800 -0.0124056
686900 -0.0129378
688000 -0.0133359
689200 -0.0135487
690300 -0.0138013
691400 -0.0141193
692500 -0.0141353
693600 -0.014385
694700 -0.0147678
695800 -0.0144573
697000 -0.0146975
698100 -0.0147892
699200 -0.014922
700400 -0.0152967
701500 -0.0156397
702600 -0.0159019
703700 -0.015718
704900 -0.0160534
706000 -0.0160584
707200 -0.0159081
708300 -0.0158458
709400 -0.0161557
710600 -0.0164782
711700 -0.0168321
712900 -0.0172877
714000 -0.0174009
715200 -0.017574
716300 -0.0178731
717500 -0.0180169
718600 -0.0179377
719800 -0.0177137
721000 -0.0175977
722100 -0.0179159
723300 -0.0175994
724500 -0.0172511
725600 -0.017264
726800 -0.0176718
728000 -0.0173987
729100 -0.016562
730300 -0.0158671
731500 -0.0157401
732700 -0.0161073
733900 -0.0160626
735000 -0.0160596
736200 -0.0159377
737400 -0.0155843
738600 -0.0154818
739800 -0.0160076
741000 -0.0158649
742200 -0.0150589
743400 -0.0151999
744600 -0.0151478
745800 -0.0150979
747000 -0.0147927
748200 -0.0145461
749400 -0.0144222
750600 -0.0140634
751800 -0.0144167
753000 -0.0147513
754300 -0.0142814
755500 -0.0143816
756700 -0.0141717
757900 -0.0146422
759100 -0.0150363
760400 -0.0153015
761600 -0.0147324
762800 -0.0143486
764000 -0.0147116
765300 -0.0148036
766500 -0.0146424
767700 -0.0144526
769000 -0.0144732
770200 -0.0142854
771500 -0.0138775
772700 -0.0141367
774000 -0.0138624
775200 -0.0138668
776500 -0.0133984
777700 -0.0128972
779000 -0.0123687
780200 -0.0125733
781500 -0.0130252
782700 -0.0128029
784000 -0.0134254
785300 -0.013576
786500 -0.0137434
787800 -0.0145055
789100 -0.0149605
790300 -0.0154272
791600 -0.0157094
792900 -0.0164884
794200 -0.0166553
795500 -0.0174384
796700 -0.0179751
798000 -0.0183097
799300 -0.0191349
800600 -0.0202823
801900 -0.0199424
803200 -0.0197367
804500 -0.0197718
805800 -0.0207094
807100 -0.0214933
808400 -0.0219636
809700 -0.0226372
811000 -0.0225407
812300 -0.0223999
813600 -0.022127
814900 -0.0221846
816200 -0.0225254
817600 -0.0228513
818900 -0.0232768
820200 -0.0237357
821500 -0.0241097
822800 -0.0242127
824200 -0.0231944
825500 -0.0233293
826800 -0.0236467
828200 -0.023966
829500 -0.0245823
830800 -0.0244727
832200 -0.0252752
833500 -0.0255709
834900 -0.0253456
836200 -0.0258025
837600 -0.026311
838900 -0.026426
840300 -0.0265563
841600 -0.0276809
843000 -0.0280272
844300 -0.0277476
845700 -0.0277938
847100 -0.0282563
848400 -0.0280996
849800 -0.0290722
851200 -0.0293638
852500 -0.0293182
853900 -0.0295721
855300 -0.0301533
856700 -0.0300086
858100 -0.0288729
859400 -0.0275405
860800 -0.0274475
862200 -0.027485
863600 -0.0269091
865000 -0.0279961
866400 -0.0293403
867800 -0.0295244
869200 -0.0294444
870600 -0.0297728
872000 -0.0307654
873400 -0.0313163
874800 -0.0323092
876200 -0.0331395
877600 -0.0334684
879100 -0.0351145
880500 -0.035859
881900 -0.0364237
883300 -0.0371536
884700 -0.03812
886200 -0.0391314
887600 -0.0399365
889000 -0.0401445
890500 -0.0408732
891900 -0.0404909
893300 -0.039951
894800 -0.0404338
896200 -0.0417632
897700 -0.0428181
899100 -0.0443357
900600 -0.0449436
902000 -0.0444103
903500 -0.0438893
904900 -0.0436807
906400 -0.043277
907900 -0.0437007
909300 -0.044053
910800 -0.0459565
912300 -0.0464623
913700 -0.0463373
915200 -0.0459831
916700 -0.0467217
918200 -0.0474429
919600 -0.0474208
921100 -0.0468192
922600 -0.0463545
924100 -0.0463066
925600 -0.0457948
927100 -0.045239
928600 -0.0427546
930100 -0.0412903
931600 -0.0409243
933100 -0.0402879
934600 -0.0401851
936100 -0.0383804
937600 -0.0372996
939100 -0.0366224
940600 -0.0358222
942200 -0.0360361
943700 -0.0360351
945200 -0.036006
946700 -0.0362546
948200 -0.0371937
949800 -0.0366877
951300 -0.034937
952800 -0.034233
954400 -0.0334932
955900 -0.0347527
957500 -0.034119
959000 -0.033864
960600 -0.0332689
962100 -0.034034
963700 -0.0340538
965200 -0.0346127
966800 -0.0343562
968300 -0.0333079
969900 -0.0290685
971500 -0.0291182
973000 -0.0318767
974600 -0.0355096
976200 -0.0365682
977700 -0.0387143
979300 -0.0410462
980900 -0.0425081
982500 -0.0419849
984100 -0.0413465
985600 -0.0397272
987200 -0.038624
988800 -0.0382345
990400 -0.0408554
992000 -0.0476298
993600 -0.0463393
995200 -0.0518093
996800 -0.0463907
998400 -0.0458599
1e+06 -0.0832801
