% q = 4
lag_time F_qt
0 1
0.1 0.943199
0.2 0.869563
0.3 0.811562
0.4 0.765844
0.5 0.728002
0.6 0.695885
0.7 0.667698
0.8 0.642538
0.9 0.62005
1 0.599717
1.1 0.580885
1.2 0.563393
1.3 0.54706
1.4 0.531784
1.5 0.517505
1.6 0.504297
1.7 0.492081
1.8 0.480517
1.9 0.469447
2 0.458912
2.1 0.448835
2.2 0.439147
2.3 0.4299
2.4 0.421126
2.5 0.412542
2.6 0.404247
2.7 0.396374
2.8 0.388803
2.9 0.381383
3 0.374233
3.1 0.367293
3.2 0.36061
3.3 0.354291
3.4 0.348275
3.5 0.342491
3.6 0.336927
3.7 0.331697
3.8 0.326833
3.9 0.321901
4 0.317003
4.1 0.312216
4.2 0.307509
4.3 0.30256
4.4 0.29757
4.5 0.292868
4.6 0.288292
4.7 0.283809
4.8 0.279707
4.9 0.275864
5 0.272049
5.1 0.268136
5.2 0.264281
5.3 0.260644
5.4 0.257204
5.5 0.253764
5.6 0.250275
5.7 0.246719
5.8 0.243469
5.9 0.240203
6 0.237199
6.1 0.234403
6.2 0.231534
6.3 0.228538
6.4 0.225487
6.5 0.222762
6.6 0.220008
6.7 0.21742
6.8 0.215067
6.9 0.212677
7 0.210116
7.1 0.207441
7.2 0.204736
7.3 0.20203
7.4 0.19943
7.5 0.196769
7.6 0.193947
7.7 0.191178
7.8 0.188506
7.9 0.185902
8 0.183429
8.1 0.181167
8.2 0.179217
8.3 0.17747
8.4 0.175811
8.5 0.174174
8.6 0.172468
8.7 0.170755
8.8 0.16912
8.9 0.167465
9 0.16566
9.1 0.163887
9.2 0.162054
9.3 0.160229
9.4 0.1586
9.5 0.157251
9.6 0.15607
9.7 0.154868
9.8 0.15351
9.9 0.152167
10 0.150962
10.1 0.149642
10.2 0.148285
10.3 0.146637
10.4 0.14507
10.5 0.143695
10.6 0.142364
10.7 0.141086
10.8 0.139857
10.9 0.138589
11 0.137251
11.1 0.135939
11.2 0.134546
11.3 0.133169
11.4 0.131879
11.5 0.130657
11.6 0.129575
11.7 0.128367
11.8 0.127034
11.9 0.125793
12 0.124724
12.1 0.123802
12.2 0.122975
12.3 0.122193
12.4 0.12137
12.5 0.120231
12.6 0.119143
12.7 0.11817
12.8 0.117253
12.9 0.116047
13 0.114835
13.1 0.113635
13.2 0.112454
13.3 0.111287
13.4 0.110116
13.5 0.108936
13.6 0.107823
13.7 0.106813
13.8 0.105878
13.9 0.104906
14 0.103794
14.1 0.102527
14.2 0.10165
14.3 0.100926
14.4 0.0998643
14.5 0.0985275
14.6 0.0973392
14.7 0.096332
14.8 0.0957284
14.9 0.0953321
15 0.0949444
15.1 0.094495
15.2 0.0939508
15.3 0.0932965
15.4 0.0925892
15.5 0.0919695
15.6 0.0912737
15.7 0.0906463
15.8 0.0899968
15.9 0.0894549
16 0.088854
16.1 0.088174
16.2 0.0876632
16.3 0.0872559
16.4 0.0868762
16.5 0.0864964
16.6 0.0860981
16.7 0.0857141
16.8 0.0854062
16.9 0.0850439
17 0.0845733
17.1 0.0842902
17.2 0.084026
17.3 0.0836954
17.4 0.0833143
17.5 0.0827311
17.6 0.0819222
17.7 0.0811431
17.8 0.0802369
17.9 0.0792546
18 0.0784662
18.1 0.0778324
18.2 0.0771795
18.3 0.0764664
18.4 0.0758188
18.5 0.075302
18.6 0.0749563
18.7 0.0745747
18.8 0.0738876
18.9 0.0730714
19 0.0720922
19.1 0.0708366
19.2 0.0694764
19.3 0.0683264
19.4 0.0674598
19.5 0.0668675
19.6 0.0663571
19.7 0.0657601
19.8 0.06509
19.9 0.064427
20 0.0640156
20.1 0.0636617
20.2 0.063263
20.3 0.0627662
20.4 0.0622172
20.5 0.0616502
20.6 0.0612812
20.7 0.0610825
20.8 0.0606592
20.9 0.0598556
21 0.0588405
21.1 0.0580547
21.2 0.0575593
21.3 0.057131
21.4 0.0566496
21.5 0.0560879
21.6 0.0553363
21.7 0.0545216
21.8 0.0536967
21.9 0.0528031
22 0.0521546
22.1 0.0515833
22.2 0.0510673
22.3 0.05063
22.4 0.0500746
22.5 0.049662
22.6 0.0494313
22.7 0.0491355
22.8 0.0485969
22.9 0.0479239
23 0.0471853
23.1 0.046469
23.2 0.0459155
23.3 0.0454187
23.4 0.0450922
23.5 0.0447524
23.6 0.0441257
23.7 0.043301
23.8 0.0424419
23.9 0.0416995
24 0.0408656
24.1 0.0401665
24.2 0.0395638
24.3 0.0390141
24.4 0.0385695
24.5 0.0383041
24.6 0.0380712
24.7 0.0375679
24.8 0.0370188
24.9 0.0366166
25 0.0361762
25.1 0.0355688
25.2 0.0350453
25.3 0.0347703
25.4 0.0343491
25.5 0.0339551
25.6 0.0337213
25.7 0.0334615
25.8 0.0330615
25.9 0.0324574
26 0.0320175
26.1 0.0315865
26.2 0.03102
26.3 0.0305026
26.4 0.0299993
26.5 0.0297401
26.6 0.0294458
26.7 0.0291632
26.8 0.0289554
26.9 0.0290277
27 0.0291224
27.1 0.0288856
27.2 0.0285086
27.3 0.0278871
27.4 0.0271384
27.5 0.0265668
27.6 0.0261702
27.7 0.0260366
27.8 0.0259288
27.9 0.0257417
28 0.025628
28.1 0.0254257
28.2 0.0252876
28.3 0.0249601
28.4 0.0244313
28.5 0.0242811
28.6 0.0241348
28.7 0.0238351
28.8 0.0233459
28.9 0.0228385
29 0.0223688
29.1 0.0219652
29.2 0.0217313
29.3 0.0215559
29.4 0.0211408
29.5 0.0205936
29.6 0.0202488
29.7 0.019991
29.8 0.019811
29.9 0.019885
30 0.0199378
30.1 0.0199285
30.2 0.0199349
30.3 0.0199548
30.4 0.0199957
30.5 0.0200018
30.6 0.0199919
30.7 0.0201252
30.8 0.0201862
30.9 0.0202612
31 0.0204043
31.1 0.0203329
31.2 0.0200903
31.3 0.0196436
31.4 0.0193056
31.5 0.0189889
31.6 0.0187334
31.7 0.0186813
31.8 0.0185558
31.9 0.0185781
32 0.0188171
32.1 0.0191359
32.2 0.0196075
32.3 0.0200265
32.4 0.0202091
32.5 0.0203369
32.6 0.0203749
32.7 0.0203551
32.8 0.0205337
32.9 0.0208204
33 0.0210253
33.1 0.0211443
33.2 0.0214206
33.3 0.0218267
33.4 0.0221793
33.5 0.0225398
33.6 0.0226772
33.7 0.0227032
33.8 0.0228142
33.9 0.0228438
34 0.0228874
34.1 0.0228812
34.2 0.0227557
34.3 0.0226838
34.4 0.0226718
34.5 0.0224874
34.6 0.0223482
34.7 0.022289
34.8 0.0221263
34.9 0.0218196
35 0.0214221
35.1 0.0210382
35.2 0.0206157
35.3 0.0200529
35.4 0.0195297
35.5 0.0191348
35.6 0.0189857
35.7 0.0190132
35.8 0.0191004
35.9 0.0190425
36 0.0190097
36.1 0.0192115
36.2 0.0195519
36.3 0.0197152
36.4 0.0200043
36.5 0.020247
36.6 0.0203295
36.7 0.0202691
36.8 0.0201886
36.9 0.0199893
37 0.0197728
37.1 0.0195511
37.2 0.0192862
37.3 0.0192358
37.4 0.0194487
37.5 0.0198989
37.6 0.020371
37.7 0.0206983
37.8 0.0210962
37.9 0.0214909
38 0.0217236
38.1 0.0218789
38.2 0.0218803
38.3 0.0219191
38.4 0.0220845
38.5 0.0223286
38.6 0.0226121
38.7 0.0229206
38.8 0.0231009
38.9 0.0232715
39 0.0235042
39.1 0.0236944
39.2 0.0238444
39.3 0.0238275
39.4 0.0237452
39.5 0.0237902
39.6 0.0241054
39.7 0.0248133
39.8 0.0253915
39.9 0.025665
40 0.0257487
40.1 0.0256498
40.2 0.0252162
40.3 0.0247949
40.4 0.0244412
40.5 0.024192
40.6 0.0237852
40.7 0.0233423
40.8 0.0227477
40.9 0.0223734
41 0.0223687
41.1 0.0223034
41.2 0.0222693
41.3 0.0222503
41.4 0.0223182
41.5 0.0226681
41.6 0.0230425
41.7 0.023178
41.8 0.0232301
41.9 0.023401
42 0.023508
42.1 0.0236305
42.2 0.0237625
42.3 0.0240624
42.4 0.0241261
42.5 0.0238348
42.6 0.0234553
42.7 0.0229415
42.8 0.022449
42.9 0.022195
43 0.0219877
43.1 0.0218122
43.2 0.0215554
43.3 0.0212871
43.4 0.0211456
43.5 0.0208563
43.6 0.0207125
43.7 0.0207509
43.8 0.0208554
43.9 0.0209922
44 0.0205592
44.1 0.0199622
44.2 0.0196518
44.3 0.0195253
44.4 0.019381
44.5 0.0193533
44.6 0.0196007
44.7 0.0198422
44.8 0.0197796
44.9 0.0196406
45 0.0193239
45.1 0.0190215
45.2 0.0186959
45.3 0.018445
45.4 0.0180026
45.5 0.0175267
45.6 0.0172296
45.7 0.0169873
45.8 0.016817
45.9 0.016784
46 0.0168213
46.1 0.0168887
46.2 0.0171056
46.3 0.0172715
46.4 0.0172849
46.5 0.017206
46.6 0.0172421
46.7 0.0173355
46.8 0.0175088
46.9 0.0176305
47 0.0176191
47.1 0.0172914
47.2 0.0169521
47.3 0.0167131
47.4 0.0166595
47.5 0.0165899
47.6 0.0165496
47.7 0.0165252
47.8 0.0164858
47.9 0.0162363
48 0.0160454
48.1 0.0158003
48.2 0.0158291
48.3 0.0161668
48.4 0.0165397
48.5 0.0168216
48.6 0.0169472
48.7 0.0171107
48.8 0.0172959
48.9 0.0173248
49 0.0174009
49.1 0.0175516
49.2 0.0175761
49.3 0.017198
49.4 0.0166004
49.5 0.015971
49.6 0.0154138
49.7 0.0151219
49.8 0.0147413
49.9 0.0142652
50 0.013953
50.1 0.0137155
50.2 0.013266
50.3 0.012868
50.4 0.0123416
50.5 0.0119215
50.6 0.0113806
50.7 0.010866
50.8 0.0106503
50.9 0.0105171
51 0.0102837
51.1 0.00983615
51.2 0.00929493
51.3 0.00912175
51.4 0.00920534
51.5 0.00917322
51.6 0.00894468
51.7 0.00854858
51.8 0.00842932
51.9 0.00835912
52 0.00826045
52.1 0.00848728
52.2 0.00836576
52.3 0.00801909
52.4 0.00772967
52.5 0.00774486
52.6 0.00778369
52.7 0.00784919
52.8 0.0077765
52.9 0.00768061
53 0.00791079
53.1 0.00843257
53.2 0.0087038
53.3 0.00879989
53.4 0.00873257
53.5 0.00846906
53.6 0.007931
53.7 0.00757686
53.8 0.00735321
53.9 0.00739012
54 0.00756386
54.1 0.00770763
54.2 0.00755757
54.3 0.007621
54.4 0.00794407
54.5 0.00837467
54.6 0.00858206
54.7 0.00854507
54.8 0.00858737
54.9 0.00875408
55 0.00854476
55.1 0.00818761
55.2 0.00783
55.3 0.00754187
55.4 0.00747226
55.5 0.00762756
55.6 0.00763377
55.7 0.00757327
55.8 0.00769505
55.9 0.00784581
56 0.00763673
56.1 0.00720192
56.2 0.00668296
56.3 0.00654746
56.4 0.00672785
56.5 0.00682907
56.6 0.00681524
56.7 0.00664915
56.8 0.00615346
56.9 0.00569644
57 0.00532663
57.1 0.00511646
57.2 0.00499363
57.3 0.0048432
57.4 0.00460914
57.5 0.0045181
57.6 0.00439273
57.7 0.00404495
57.8 0.00368754
57.9 0.003162
58 0.00265173
58.1 0.00237556
58.2 0.00214841
58.3 0.00186676
58.4 0.00188661
58.5 0.00193729
58.6 0.00162144
58.7 0.00117071
58.8 0.000760594
58.9 0.000523341
59 0.000492218
59.1 0.000796619
59.2 0.00128576
59.3 0.00163225
59.4 0.00169692
59.5 0.00152307
59.6 0.00123986
59.7 0.000860791
59.8 0.000466331
59.9 0.000323722
60 0.000484737
60.1 0.000740083
60.2 0.000892828
60.3 0.000641003
60.4 0.000211184
60.5 -0.000268598
60.6 -0.000456013
60.7 -0.000517874
60.8 -0.000654683
60.9 -0.000532215
61 -0.00011878
61.1 0.000546271
61.2 0.00116965
61.3 0.00159408
61.4 0.00210358
61.5 0.00250163
61.6 0.00262418
61.7 0.00233153
61.8 0.00172302
61.9 0.00107171
62 0.000660084
62.1 0.000527134
62.2 0.000577051
62.3 0.000361313
62.4 -0.000185943
62.5 -0.000868723
62.6 -0.00140393
62.7 -0.00216157
62.8 -0.00282933
62.9 -0.00311344
63 -0.00308047
63.1 -0.00306256
63.2 -0.00328997
63.3 -0.00347285
63.4 -0.00359021
63.5 -0.00364789
63.6 -0.0037447
63.7 -0.00389521
63.8 -0.00410906
63.9 -0.00406467
64 -0.0038075
64.1 -0.00346337
64.2 -0.00299734
64.3 -0.00274427
64.4 -0.00286176
64.5 -0.0029817
64.6 -0.0028582
64.7 -0.00281674
64.8 -0.0027135
64.9 -0.00236426
65 -0.00199528
65.2 -0.0016318
65.3 -0.00165011
65.4 -0.00183556
65.5 -0.00221278
65.6 -0.0023937
65.7 -0.00253812
65.8 -0.0030384
65.9 -0.00329439
66 -0.00362319
66.1 -0.00411886
66.2 -0.00446556
66.3 -0.0047572
66.4 -0.00510031
66.5 -0.00527175
66.6 -0.0051547
66.7 -0.00518173
66.9 -0.00545091
67 -0.00566137
67.1 -0.00598781
67.2 -0.00673832
67.3 -0.00754812
67.4 -0.00839259
67.5 -0.00938364
67.6 -0.0099528
67.7 -0.00976269
67.8 -0.00929437
67.9 -0.00876886
68 -0.00834106
68.2 -0.00778962
68.3 -0.00752681
68.4 -0.00741434
68.5 -0.00745261
68.6 -0.00767094
68.7 -0.00792352
68.8 -0.00784364
68.9 -0.00760038
69 -0.00688637
69.2 -0.0051454
69.3 -0.00473797
69.4 -0.00462728
69.5 -0.00461281
69.6 -0.0047361
69.7 -0.00517004
69.8 -0.00583737
69.9 -0.00608488
70 -0.00568461
70.2 -0.00423308
70.3 -0.00349824
70.4 -0.00297855
70.5 -0.00289998
70.6 -0.00264121
70.7 -0.00243781
70.8 -0.00214969
71 -0.00119128
71.1 -0.000926123
71.2 -0.000359859
71.3 0.000454269
71.4 0.00175542
71.5 0.00282307
71.6 0.00362423
71.8 0.00450638
71.9 0.00485078
72 0.00515159
72.1 0.00538207
72.2 0.0054434
72.3 0.00556557
72.5 0.00579197
72.6 0.00583404
72.7 0.00594957
72.8 0.00630905
72.9 0.00656855
73 0.00678695
73.2 0.00654718
73.3 0.00600363
73.4 0.00512477
73.5 0.00429375
73.6 0.00371203
73.8 0.00313509
73.9 0.00353415
74 0.00386449
74.1 0.00370224
74.2 0.00369021
74.3 0.0041926
74.5 0.00621721
74.6 0.00728863
74.7 0.00790058
74.8 0.00825985
75 0.00847235
75.1 0.00800009
75.2 0.00719219
75.3 0.00636058
75.4 0.00572585
75.6 0.00497208
75.7 0.00467345
75.8 0.00430147
75.9 0.00416851
76 0.00403478
76.2 0.00315143
76.3 0.00320645
76.4 0.00304157
76.5 0.00282607
76.7 0.00172412
76.8 0.000754246
76.9 -0.000229495
77 -0.0010866
77.2 -0.00283593
77.3 -0.00336371
77.4 -0.00348591
77.5 -0.00356486
77.7 -0.00299916
77.8 -0.00250786
77.9 -0.00212469
78 -0.00152151
78.2 -0.000917288
78.3 -0.00093049
78.4 -0.000966208
78.5 -0.000945341
78.7 -0.00119719
78.8 -0.00155059
78.9 -0.0013547
79 -0.000732096
79.2 -0.00138281
79.3 -0.00166429
79.4 -0.00154222
79.6 -0.000858606
79.7 -0.000464838
79.8 -0.000182977
79.9 0.000140007
80.1 0.00141483
80.2 0.0025389
80.3 0.00324068
80.5 0.00373603
80.6 0.00390338
80.7 0.00440398
80.8 0.00482164
81 0.00587359
81.1 0.00638931
81.2 0.00664789
81.4 0.00561459
81.5 0.00456826
81.6 0.00325776
81.8 0.00191276
81.9 0.00218311
82 0.00259157
82.2 0.00299545
82.3 0.00299047
82.4 0.00272762
82.6 0.00175177
82.7 0.000694961
82.8 -0.000233983
83 -0.0010997
83.1 -0.00196206
83.2 -0.00321567
83.4 -0.00574993
83.5 -0.00623222
83.6 -0.00651381
83.8 -0.00655081
83.9 -0.00661326
84 -0.0068681
84.2 -0.00797994
84.3 -0.00860975
84.4 -0.00916487
84.6 -0.00997318
84.7 -0.00983895
84.8 -0.00950299
85 -0.00927104
85.1 -0.00938377
85.3 -0.00923852
85.4 -0.00878178
85.5 -0.0088143
85.7 -0.0100389
85.8 -0.0104237
86 -0.0117186
86.1 -0.0119744
86.2 -0.012017
86.4 -0.0113757
86.5 -0.0109754
86.6 -0.0105242
86.8 -0.0102495
86.9 -0.0107365
87.1 -0.0118901
87.2 -0.0127141
87.3 -0.0136306
87.5 -0.0140904
87.6 -0.0142451
87.8 -0.0149346
87.9 -0.0149568
88.1 -0.0154396
88.2 -0.0157244
88.3 -0.0157987
88.5 -0.0167451
88.6 -0.0174299
88.8 -0.0181986
88.9 -0.0184002
89.1 -0.0188741
89.2 -0.0193327
89.3 -0.0198284
89.5 -0.0198419
89.6 -0.0193524
89.8 -0.0178803
89.9 -0.0171206
90.1 -0.0166657
90.2 -0.0166137
90.4 -0.0168669
90.5 -0.0171521
90.6 -0.0175053
90.8 -0.0182267
90.9 -0.0179014
91.1 -0.0177245
91.2 -0.0175879
91.4 -0.0176832
91.5 -0.0172441
91.7 -0.0154582
91.8 -0.0146343
92 -0.0155596
92.1 -0.0159879
92.3 -0.0159063
92.4 -0.0156578
92.6 -0.0154288
92.7 -0.0148638
92.9 -0.0134303
93 -0.0130115
93.2 -0.0125746
93.3 -0.012152
93.5 -0.00932664
93.6 -0.00920554
93.8 -0.00991007
93.9 -0.0102286
94.1 -0.00985284
94.2 -0.0102216
94.4 -0.0110546
94.5 -0.0108193
94.7 -0.0109736
94.8 -0.0114854
95 -0.0122502
95.1 -0.0117635
95.3 -0.00759077
95.4 -0.00487584
95.6 -0.0020123
95.7 -0.0012849
95.9 -0.00105224
96.1 0.00095541
96.2 0.00402113
96.4 0.00973425
96.5 0.0112942
96.7 0.0130867
96.8 0.0136807
97 0.0144491
97.1 0.0152386
97.3 0.0148825
97.5 0.0170692
97.6 0.0193682
97.8 0.0227644
97.9 0.0245038
98.1 0.0285161
98.2 0.0313207
98.4 0.0351264
98.6 0.0318365
98.7 0.0309014
98.9 0.0260973
99 0.0273454
99.2 0.0284076
99.4 0.0313402
99.5 0.0345595
99.7 0.0389316
99.8 0.0350395
100 0.0258917
200 0.0004314
300 0.000791303
400 0.000137542
500 -0.000225701
600 -9.04868e-05
700 -0.000178379
800 -5.47418e-05
900 -0.000182133
1000 -0.000921142
1100 -0.000129317
1200 8.41718e-05
1300 0.000565459
1400 5.07089e-05
1500 -0.000397367
1600 -0.000102823
1700 0.000405081
1800 0.000352089
1900 0.000625851
2000 -6.50466e-06
2100 -0.000195825
2200 0.000812935
2300 -0.000194052
2400 -9.0716e-05
2500 -3.30977e-05
2600 0.000257612
2700 0.000568936
2800 3.21705e-06
2900 -0.000206538
3000 -0.000266391
3100 -0.000265455
3200 -0.000240454
3300 -4.15078e-05
3400 -0.000191749
3500 -0.000270448
3600 -0.000499513
3700 0.000211011
3800 -0.000162081
3900 9.83741e-05
4000 -0.000304962
4100 0.000334882
4200 0.000365393
4300 -0.000282075
4400 2.30939e-05
4500 3.01754e-05
4600 0.000303336
4700 -0.000403427
4800 -0.000373222
4900 -0.000321522
5000 -0.00011295
5100 -9.43503e-05
5200 -0.000108289
5300 -0.000128962
5400 0.000381522
5500 -0.000155332
5600 -0.000414686
5700 -0.000165625
5800 -5.40049e-07
5900 -0.000699637
6000 0.000182288
6100 0.000152947
6200 -6.79825e-05
6300 -0.000478342
6400 -0.000364162
6500 -0.000169383
6600 -0.000251672
6700 -0.000765861
6800 0.000646289
6900 -0.000590603
7000 -0.000479631
7100 -0.000203977
7200 0.000173839
7300 -0.000372051
7400 0.000173119
7500 0.00035173
7600 7.61365e-05
7700 -0.000430241
7800 -0.000306734
7900 -0.000335048
8000 -4.81044e-05
8100 -3.08705e-05
8200 -6.37693e-05
8300 -0.00029413
8400 -3.50618e-05
8500 0.000122301
8600 0.00081504
8700 0.000214023
8800 -0.000409925
8900 0.000272671
9000 0.000157676
9100 -5.96722e-06
9200 -0.000536656
9300 0.000199103
9400 0.000169199
9500 -5.26124e-05
9600 9.97604e-05
9700 -0.000474681
9800 0.000399865
9900 -0.000126949
10000 7.53931e-05
10100 -0.000125781
10200 0.00020637
10300 -4.02358e-05
10400 -0.00024507
10500 0.000539005
10600 0.000416679
10700 -0.000278216
10800 -0.000288992
10900 0.000301147
11000 0.000177284
11100 9.24358e-06
11200 6.51771e-07
11300 0.000182475
11400 -0.000354138
11500 -0.000212995
11600 -0.000237506
11700 0.000356179
11800 0.000307688
11900 3.89604e-05
12000 -0.000390515
12100 0.000428204
12200 -0.000133899
12300 -0.000365432
12400 0.000705606
12500 -0.000170516
12600 -2.44807e-05
12700 0.000144415
12800 -0.000352473
12900 5.34727e-05
13000 0.000271611
13100 -6.53112e-05
13200 0.000465615
13300 1.79986e-05
13400 -1.49108e-06
13500 2.94581e-05
13600 0.000500217
13700 -0.000226103
13800 8.52024e-05
13900 0.000181637
14000 -8.02312e-05
14100 0.000409229
14200 0.000406972
14300 -0.000474923
14400 -5.62869e-05
14500 -0.000710098
14600 -0.000661705
14700 3.24656e-05
14800 0.000321408
14900 -5.46388e-05
15000 -6.77603e-05
15100 -0.000302966
15200 0.000385057
15300 -0.000337522
15400 -0.000319213
15500 -0.000168926
15600 -0.000259174
15700 0.000376209
15800 4.29342e-05
15900 -0.000323448
16000 0.000247296
16100 0.000407255
16200 -0.000250714
16300 -4.66802e-06
16400 -0.000184276
16500 0.000534379
16600 0.000436469
16700 0.000422567
16800 -7.473e-05
16900 -0.000732698
17000 -0.000131091
17100 -0.0004194
17200 0.00023813
17300 0.000248562
17400 0.000211929
17500 0.000102512
17600 0.000247091
17700 0.000170863
17800 -0.000774484
17900 0.000227406
18000 -0.000596673
18100 -3.11081e-05
18200 4.16005e-05
18300 0.000503989
18400 0.000334251
18500 -2.57952e-05
18600 -0.000200879
18700 0.000545655
18800 0.000398917
18900 8.54563e-05
19000 0.000238024
19100 0.000776195
19200 -0.000593081
19300 0.000338374
19400 -0.000200851
19500 -2.8038e-05
19600 8.43379e-05
19700 0.000539926
19800 0.000142456
19900 -0.000242167
20000 -0.000461082
20100 -0.000471088
20200 1.87073e-05
20300 -5.86316e-05
20400 0.000162604
20500 4.63092e-05
20600 -0.000364284
20700 -0.000828942
20800 -4.46585e-06
20900 0.000171857
21000 0.000260088
21100 -0.000309771
21200 0.000106918
21300 -0.000290957
21400 -0.000214416
21500 0.000198334
21600 -4.72218e-06
21700 0.000188424
21800 0.000604481
21900 1.76452e-05
22000 5.86817e-05
22100 -5.57484e-05
22200 0.000122652
22300 0.00022748
22400 -0.000571424
22500 9.96695e-05
22600 -5.56674e-05
22700 -3.62155e-05
22800 0.00021361
22900 -0.000360134
23000 3.92798e-05
23100 0.000257834
23200 0.00016418
23300 -0.000732299
23400 0.00011872
23500 -9.20279e-05
23600 -1.51831e-05
23700 0.000768971
23800 0.000178059
23900 -0.000180529
24000 -0.000430835
24100 -0.000156236
24200 -0.00020645
24300 -0.000412569
24400 -0.000265041
24500 0.000353023
24600 -0.000230332
24700 -0.00010011
24800 0.000357807
24900 9.32503e-05
25000 -0.000482818
25100 -0.000156247
25200 -0.000429348
25300 0.00021173
25400 -0.000525766
25500 -0.00031866
25600 0.000188127
25700 -0.000192699
25800 0.000118035
25900 -9.57964e-05
26000 0.000159522
26100 0.000520582
26200 -0.000122889
26300 1.7321e-05
26400 -5.83135e-06
26500 -0.000529573
26600 -7.62614e-05
26700 -0.000201
26800 -0.000827252
26900 0.000130915
27000 0.000132518
27100 -7.07893e-05
27200 -0.000108078
27300 -0.00035011
27400 -0.00010246
27500 -0.000405921
27600 0.00021462
27700 4.52282e-05
27800 0.000420115
27900 -0.000652492
28000 0.000549497
28100 -1.30556e-05
28200 0.000235651
28300 0.000390778
28400 -0.000102294
28500 1.57027e-05
28600 0.000483166
28700 9.84763e-05
28800 -0.000355751
28900 0.000283176
29000 3.2699e-05
29100 -0.000150401
29200 5.22615e-06
29300 -0.000578088
29400 -0.000582407
29500 0.000197427
29600 -7.84728e-05
29700 0.000312098
29800 -0.00051793
29900 -0.000733068
30000 -0.000469845
30100 1.86978e-05
30200 9.46627e-06
30300 0.000341239
30400 -0.00034481
30500 0.00030433
30600 0.00032902
30700 -0.000334071
30800 7.07028e-05
30900 0.000655739
31000 0.000189457
31100 0.000349757
31200 -0.000614517
31300 5.38628e-05
31400 6.62416e-05
31500 -0.000407548
31600 0.000194197
31700 0.000921697
31800 -0.000211617
31900 -0.000160439
32000 0.000264607
32100 0.000876095
32200 -3.08418e-05
32300 0.000380797
32400 0.000464598
32500 -0.000473985
32600 -1.98238e-06
32700 -0.000572566
32800 0.000468834
32900 0.000492604
33000 0.000268229
33100 -0.000423385
33200 -0.000120738
33300 2.40513e-06
33400 5.78011e-05
33500 6.96233e-05
33600 -0.000235213
33700 -0.000382116
33800 0.000331137
33900 -0.00020348
34000 8.85724e-05
34100 0.000148831
34200 0.00084038
34300 0.00026637
34400 8.44323e-05
34500 -0.000179416
34600 -0.000146795
34700 -0.000667673
34800 0.000268118
34900 -0.000279177
35000 1.52542e-05
35100 1.10019e-05
35200 -0.000213896
35300 -0.000423481
35400 0.000508658
35500 0.000235547
35600 0.000234234
35700 -9.05532e-05
35800 6.72844e-06
35900 -0.000326378
36000 0.000550206
36100 -0.000311364
36200 0.000119327
36300 -0.000153202
36400 -0.000640411
36500 -4.63853e-05
36600 -0.000469616
36700 -0.000414426
36800 -0.000303296
36900 -0.000277389
37000 -0.000525174
37100 0.000329993
37200 -0.000168192
37300 0.000498929
37400 -2.33576e-05
37500 -0.000398845
37600 0.000484285
37700 -6.02191e-05
37800 0.000242327
37900 0.000161875
38000 0.000499404
38100 0.000433949
38200 6.0675e-05
38300 -0.000373463
38400 0.000615722
38500 1.41129e-05
38600 5.98495e-05
38700 -4.41097e-05
38800 -4.78957e-05
38900 -0.000175607
39000 -7.03974e-05
39100 -0.000572104
39200 3.46353e-05
39300 -0.000439268
39400 0.000136353
39500 -0.000402948
39600 0.000450154
39700 5.18204e-05
39800 0.000109434
39900 0.000487249
40000 -7.28998e-05
40100 -0.000616992
40200 -2.76652e-05
40300 -0.000104517
40400 0.000124021
40500 0.000145125
40600 0.000365247
40700 -6.03766e-05
40800 0.000794581
40900 0.000890667
41000 -6.2223e-05
41100 8.05828e-05
41200 -0.000206486
41300 -0.000823667
41400 -8.75572e-05
41500 -0.000256439
41600 -0.000179122
41700 -0.000517717
41800 -0.000703819
41900 -1.90811e-05
42000 0.00027915
42100 5.63051e-05
42200 0.000309873
42300 0.000274951
42400 8.87842e-05
42500 2.95674e-05
42600 -0.000306973
42700 0.000144288
42800 0.000234457
42900 -0.000277171
43000 1.81684e-06
43100 0.000202464
43200 -0.000213011
43300 -0.000529479
43400 -0.000466259
43500 -5.61596e-05
43600 9.77618e-05
43700 -0.000116969
43800 8.36464e-05
43900 0.000270032
44000 0.000105738
44100 0.000272213
44200 -3.99096e-05
44300 -0.000255665
44400 0.000122556
44500 4.76206e-05
44600 0.000233366
44700 6.28912e-06
44800 0.000438563
44900 -0.000166901
45000 -0.0001081
45100 0.000433877
45200 -0.00040988
45300 0.000264599
45400 -3.11914e-05
45500 -9.20836e-06
45600 -6.23474e-05
45700 -0.000138577
45800 0.000641023
45900 0.000227394
46000 3.92005e-05
46100 0.000510938
46200 -0.000493683
46300 0.000440366
46400 0.000208162
46500 0.000369688
46600 -0.000386477
46700 0.00016562
46800 8.72879e-05
46900 0.000201857
47000 -0.000367639
47100 3.05904e-05
47200 -2.63108e-05
47300 8.17241e-05
47400 -0.000127804
47500 0.000426587
47600 0.000291594
47700 -0.000267452
47800 -8.66993e-05
47900 0.000419126
48000 2.31109e-05
48100 0.000321302
48200 -0.000101698
48300 -4.79498e-05
48400 2.42046e-05
48500 0.000120548
48600 -0.00042781
48700 0.000200212
48800 0.000260231
48900 0.000426611
49000 9.5363e-06
49100 -0.000197837
49200 -0.000339953
49300 5.72262e-05
49400 -0.000283978
49500 0.000215095
49600 -0.000133937
49700 0.000290775
49800 0.00010488
49900 -0.00016312
50000 -0.000278923
50100 0.000454966
50200 -0.000180355
50300 0.000638934
50400 -0.000240509
50500 0.000419196
50600 0.000105943
50700 0.000727067
50800 -0.000461948
50900 0.000272236
51000 -0.000264265
51100 -0.000169321
51200 -0.00038528
51300 -0.000415529
51400 -8.68498e-05
51500 -0.000258911
51600 -0.000100534
51700 -0.000209327
51800 -0.000506258
51900 0.000181984
52000 -0.000174114
52100 -0.000225953
52200 -0.000230967
52300 9.11421e-05
52400 0.000253651
52500 -0.000126286
52600 0.0008041
52700 -0.0007843
52800 0.000228966
52900 0.000385908
53000 0.000146157
53100 0.000505208
53200 -8.23706e-05
53300 9.97402e-05
53400 -0.000193398
53500 -0.000639733
53600 0.00010139
53700 -3.04335e-05
53800 1.91962e-05
53900 -0.000211719
54000 -0.000171818
54100 0.000165052
54200 -0.000307208
54300 0.000286748
54400 0.00053227
54500 -6.87292e-05
54600 0.000204902
54700 -0.000427955
54800 -3.15534e-05
54900 -0.000278614
55000 0.000139683
55100 -4.39345e-05
55200 -0.000416108
55300 -0.00021146
55400 0.000279209
55500 -3.9062e-05
55600 -4.35813e-05
55700 0.000283507
55800 -0.000428609
55900 -0.000171623
56000 0.000431258
56100 0.000619139
56200 0.000204252
56300 -0.000438441
56400 0.000235166
56500 0.000362578
56600 0.000656456
56700 -0.000138526
56800 -0.0001418
56900 0.000202449
57000 0.000249793
57100 -0.000322833
57200 0.00033978
57300 0.000505191
57400 9.42904e-05
57500 0.000105478
57600 6.85092e-05
57700 0.000418884
57800 0.000499855
57900 -0.000383417
58000 -0.000467893
58100 0.000306353
58200 0.000398255
58300 -0.000121946
58400 -3.63195e-05
58500 1.04591e-05
58600 0.000517975
58700 0.000285129
58800 8.7976e-05
58900 0.000218083
59000 0.000694769
59100 -0.000536711
59200 0.000207062
59300 9.59314e-05
59400 -0.000501699
59500 0.000323493
59600 -1.47665e-05
59700 0.00016652
59800 0.00033951
59900 -0.000246416
60000 0.000620286
60100 0.000173629
60200 0.000451241
60300 -0.000652431
60400 0.000283818
60500 -0.000720903
60600 -9.13601e-06
60700 -0.000708255
60800 -0.000141096
60900 0.000556138
61000 -1.95637e-05
61100 0.000885882
61200 0.000325011
61300 0.000258081
61400 -0.000512356
61500 -0.000200894
61600 0.000181344
61700 0.000523656
61800 -0.000573382
61900 -0.000190685
62000 0.000404903
62100 8.47996e-06
62200 -0.000278483
62300 0.000203926
62400 9.42152e-05
62500 2.46249e-05
62700 0.00016194
62800 1.41207e-05
62900 8.82161e-05
63000 0.000216883
63100 -0.000174685
63200 0.000504532
63300 -0.000687322
63400 0.000195396
63500 0.000240681
63600 -5.25893e-05
63700 0.000689634
63800 0.000244878
63900 -0.00061519
64000 0.000150955
64100 0.000302224
64200 -0.000365627
64300 0.000149273
64400 5.7671e-05
64500 -0.000217787
64600 0.000217843
64700 -0.000251061
64800 -0.000180461
64900 -0.000151286
65000 0.000510989
65100 9.69457e-06
65200 -0.000123692
65300 -0.000495123
65400 0.000105316
65500 -0.000532191
65600 -0.000144373
65800 -7.25775e-05
65900 6.52618e-05
66000 2.26292e-05
66100 7.13611e-06
66200 -0.000153918
66300 -0.000297121
66400 0.000410737
66500 9.00606e-05
66600 -0.000627085
66700 0.000103269
66800 -1.0724e-05
66900 7.17776e-05
67000 0.000538538
67100 3.20774e-05
67300 -0.000288605
67400 -4.86085e-05
67500 0.000120022
67600 -0.000720457
67700 -0.000257135
67800 -9.22498e-05
67900 0.000394695
68000 -0.000164897
68100 -0.000277764
68200 -0.00101515
68300 -2.45585e-05
68500 0.000100099
68600 0.000489684
68700 2.24097e-05
68800 -0.000613575
68900 -0.000602237
69000 0.000224026
69100 -0.000301632
69200 0.000299072
69300 0.000172585
69500 -9.25536e-05
69600 7.88113e-05
69700 -0.00031849
69800 0.000409342
69900 -0.000127445
70000 -0.000704039
70100 -5.01002e-05
70200 0.000670809
70400 1.35591e-05
70500 0.000473621
70600 -0.000496452
70700 -0.000326059
70800 0.000164493
70900 6.45007e-05
71000 -0.0004482
71200 0.00017606
71300 -0.000362639
71400 0.000204733
71500 -6.27281e-05
71600 0.000562117
71700 0.000207261
71800 0.000126607
72000 -0.000117931
72100 0.000153655
72200 -0.000170216
72300 0.000264868
72400 -0.000632933
72500 0.000260251
72700 7.67426e-05
72800 -4.31168e-05
72900 -0.000548178
73000 -3.40671e-05
73100 8.94814e-05
73200 0.000220583
73400 -0.000307343
73500 3.35981e-05
73600 1.94985e-05
73700 -0.000739173
73800 0.000216058
74000 -3.27902e-05
74100 0.000122823
74200 0.000250593
74300 -0.000386832
74400 -0.000302964
74600 1.30857e-05
74700 0.000467595
74800 -0.000257114
74900 0.000415012
75000 -0.000271767
75200 -5.74815e-05
75300 -0.000511592
75400 -0.000114362
75500 -0.000589251
75600 -0.00028456
75800 0.000797446
75900 0.000283041
76000 -0.000771913
76100 -0.000382709
76300 0.000461971
76400 0.000390037
76500 -0.000276654
76600 -0.000463601
76700 -9.71356e-05
76900 0.000411361
77000 -0.000247525
77100 7.24946e-07
77200 -0.000318644
77400 -4.33902e-05
77500 -0.000298764
77600 -0.000283409
77700 0.000724148
77900 0.00030845
78000 0.000253295
78100 -2.24348e-06
78200 -4.42153e-05
78400 -0.000203332
78500 5.8719e-05
78600 -0.000275674
78800 2.33953e-05
78900 -3.81111e-05
79000 4.0312e-05
79100 7.35304e-05
79300 0.000758189
79400 0.00028884
79500 -4.01657e-05
79600 -0.000502147
79800 0.000242539
79900 0.000107705
80000 0.00021829
80200 0.000180971
80300 -0.000158942
80400 0.000176955
80500 -0.000118927
80700 0.000151022
80800 4.10068e-05
80900 -0.000427935
81100 0.000515593
81200 -0.00029332
81300 -0.000266286
81500 -1.61427e-05
81600 0.000652929
81700 0.000263246
81900 -0.000535067
82000 0.000354994
82100 -0.000133836
82300 -0.000234228
82400 -0.000410965
82500 0.00014469
82700 8.77853e-05
82800 0.000342551
82900 -0.000193407
83100 0.000411809
83200 8.44321e-06
83300 0.000389807
83500 7.50718e-05
83600 -0.000237691
83700 0.000405231
83900 0.000463515
84000 0.000387771
84100 -0.000229461
84300 -0.000205941
84400 0.000542407
84500 -0.000600654
84700 4.69919e-06
84800 -0.000402115
84900 -0.000452128
85100 0.000524176
85200 -0.000176109
85400 1.61314e-05
85500 -0.000178253
85600 0.00025905
85800 -0.000197238
85900 -0.00044825
86000 2.81075e-05
86200 -0.000495895
86300 0.000279515
86500 -7.29464e-05
86600 0.000431738
86700 -0.000115106
86900 0.000328899
87000 0.00026728
87200 -3.84594e-05
87300 0.000266047
87400 -0.000628741
87600 6.60252e-05
87700 5.39698e-06
87900 0.000130075
88000 5.86982e-05
88200 -0.000313162
88300 -0.000211429
88400 -0.000195591
88600 -0.000819241
88700 -0.000630326
88900 0.000141898
89000 0.000608898
89200 -5.98625e-05
89300 -0.000187176
89400 6.58388e-05
89600 0.000180149
89700 -5.51511e-05
89900 -7.02929e-05
90000 -0.000688052
90200 0.000117334
90300 -0.000257421
90500 0.00032856
90600 -2.82124e-05
90700 -2.57396e-05
90900 0.00033279
91000 -0.000109012
91200 -0.000739242
91300 0.00011285
91500 -7.66576e-05
91600 -5.47839e-05
91800 -0.000370571
91900 9.76332e-05
92100 -0.000352946
92200 0.0001834
92400 -0.000204939
92500 -0.000576907
92700 -0.000165566
92800 -0.000159003
93000 -0.00010696
93100 -0.000198871
93300 -0.000145167
93400 0.000598219
93600 -0.000169119
93700 -0.000218675
93900 0.000349705
94000 0.000517713
94200 -0.000551481
94300 3.01934e-05
94500 0.000263069
94600 0.000410146
94800 -0.000124528
94900 0.000415446
95100 -0.000246576
95200 3.78528e-05
95400 -1.44016e-05
95500 -0.000115176
95700 -0.000500548
95900 -0.000197252
96000 0.000166645
96200 4.98771e-06
96300 -0.000264603
96500 -0.000349158
96600 -0.000170613
96800 -3.38882e-05
96900 0.00024892
97100 0.000423911
97300 0.000487126
97400 -0.000400222
97600 5.13523e-05
97700 0.00017297
97900 -0.000399413
98000 -0.000371992
98200 -0.000288627
98400 -0.000253503
98500 -0.000178969
98700 5.2373e-05
98800 0.000157321
99000 -0.000327988
99200 0.000530919
99300 4.70044e-05
99500 -0.000730754
99600 0.00081656
99800 0.000115966
100000 -0.000571148
100100 0.000306452
100300 -0.000417396
100400 0.000285562
100600 5.09972e-05
100800 0.000392204
100900 -0.000469276
101100 0.00048655
101300 -0.000218946
101400 9.51308e-06
101600 -0.000978958
101700 0.000228845
101900 -0.000544364
102100 0.000162167
102200 0.000215241
102400 3.86467e-05
102600 -4.42396e-05
102700 0.000463432
102900 -0.000262521
103100 8.88126e-05
103200 -6.36676e-05
103400 0.000367875
103600 6.73675e-06
103700 -0.00029087
103900 -0.000108318
104100 0.00014729
104200 0.000633986
104400 -5.35621e-05
104600 -0.000205874
104700 9.58532e-05
104900 0.000335277
105100 -8.78415e-05
105200 -8.85778e-05
105400 0.000362975
105600 0.000180598
105800 -8.82992e-05
105900 -2.24679e-05
106100 -0.000437044
106300 3.71947e-05
106400 0.000468604
106600 -0.000376142
106800 0.000256264
107000 0.00063188
107100 -0.000268426
107300 1.91176e-05
107500 9.84873e-05
107600 0.000267998
107800 -7.71413e-05
108000 -6.80681e-05
108200 0.000401764
108300 0.000582011
108500 -3.19845e-05
108700 1.40663e-05
108900 -4.09393e-05
109000 -0.000437159
109200 -0.000204988
109400 -0.000122974
109600 0.000250233
109700 0.000296355
109900 -0.000372169
110100 -0.000447148
110300 -8.16876e-06
110500 -8.79631e-05
110600 -0.00074895
110800 0.00031834
111000 -0.00024651
111200 0.000182203
111400 -0.000280139
111500 -0.000150487
111700 -0.00013869
111900 -0.000480931
112100 -6.19106e-05
112300 0.000109655
112400 0.000595231
112600 -0.000177424
112800 2.48344e-05
113000 0.000478359
113200 0.00052479
113300 0.000304522
113500 -0.00051297
113700 0.000256343
113900 0.000111522
114100 0.000573909
114300 0.00034633
114400 0.000251248
114600 5.42063e-05
114800 0.000186834
115000 0.000488466
115200 0.000681916
115400 -0.000961226
115600 0.00017456
115700 -0.00043983
115900 -0.000343053
116100 0.000152228
116300 0.000436901
116500 5.34134e-05
116700 -0.000233194
116900 -0.000718431
117100 -0.000218419
117200 -0.000543319
117400 -8.19401e-05
117600 -0.000216805
117800 0.000924634
118000 0.00110456
118200 0.000317378
118400 -0.000528034
118600 -0.000549975
118800 -0.000346491
119000 0.000549318
119100 0.000284528
119300 -0.000253412
119500 -0.000154847
119700 0.000177318
119900 0.000420528
120100 0.00011352
120300 0.000185513
120500 -8.26763e-07
120700 0.00019219
120900 0.000153143
121100 -0.00023979
121300 0.000322515
121500 -0.000566523
121700 -0.000893396
121900 0.000372759
122100 0.000264099
122300 -5.26506e-05
122500 0.000500431
122700 -2.61861e-06
122900 -0.000863655
123100 -0.000232834
123200 9.4082e-05
123400 0.000261754
123600 0.000274087
123800 -0.000430832
124000 0.00109748
124200 0.00014859
124400 -0.000101544
124600 0.000144177
124800 0.000799152
125000 -0.000375752
125300 -0.000214174
125500 -5.88889e-05
125700 0.000102053
125900 -0.000132652
126100 -0.000851966
126300 -0.00026002
126500 -0.000394708
126700 0.000319597
126900 -7.19695e-05
127100 0.000465376
127300 0.000885165
127500 -0.000345964
127700 -0.000255212
127900 -0.000199519
128100 -0.000359183
128300 0.000252114
128500 -0.000202908
128700 -0.000280162
128900 0.000134986
129100 -0.000199899
129400 0.000267317
129600 0.000232562
129800 1.55153e-05
130000 -0.000110826
130200 0.000857126
130400 -0.00012796
130600 -0.000354909
130800 6.98931e-05
131000 -0.000122826
131200 -0.00028185
131500 -0.000323359
131700 -0.000104307
131900 0.000134735
132100 7.00768e-05
132300 0.000277458
132500 0.00027262
132700 -0.000407846
132900 6.32667e-05
133200 0.000254249
133400 1.67367e-05
133600 -0.000117403
133800 -0.000387293
134000 0.00048911
134200 -0.00012348
134500 0.000565774
134700 0.000115611
134900 8.33893e-05
135100 -2.77569e-05
135300 0.000547116
135500 -0.000246707
135800 0.000323972
136000 -0.000313821
136200 0.000269051
136400 -0.000289599
136600 9.00418e-05
136900 -0.000135938
137100 -8.45665e-05
137300 -0.00018956
137500 -6.29671e-05
137700 0.000168758
138000 0.000102526
138200 0.000143142
138400 8.16786e-05
138600 -7.93805e-05
138900 -0.000122948
139100 0.000158617
139300 -0.000545751
139500 0.000925243
139800 1.96665e-05
140000 0.000128627
140200 -0.000155038
140400 0.000426875
140700 0.000685104
140900 0.000887645
141100 0.000670812
141300 -0.000204049
141600 -0.000216865
141800 0.000198152
142000 -0.000502547
142300 1.61991e-05
142500 -0.000292524
142700 0.000409637
142900 -0.000269137
143200 -0.000408952
143400 0.000414262
143600 0.000219051
143900 -0.000283668
144100 0.0001042
144300 -1.88398e-06
144600 0.00013275
144800 3.39528e-05
145000 0.000472798
145300 -6.11529e-05
145500 0.000434141
145700 7.34155e-06
146000 0.000483263
146200 0.000188735
146400 0.000455296
146700 0.000252077
146900 0.000173866
147200 -0.000260499
147400 -0.00052609
147600 -0.000480493
147900 0.000133048
148100 -8.19289e-05
148300 0.000704376
148600 0.000235296
148800 -0.000144508
149100 -5.32127e-05
149300 0.000354719
149500 7.5861e-05
149800 -0.000471306
150000 0.000226539
150300 -0.000124869
150500 0.000126306
150800 0.000165504
151000 -0.000366818
151200 -0.000436438
151500 -0.000339474
151700 -0.000198504
152000 -0.00010823
152200 -9.34257e-05
152500 0.000686525
152700 0.000323714
153000 -8.86657e-05
153200 9.28097e-05
153400 5.30639e-05
153700 -9.52297e-05
153900 -0.000247645
154200 -0.000402629
154400 5.66835e-05
154700 -1.75913e-05
154900 -7.45452e-06
155200 -2.095e-05
155400 -0.000522021
155700 5.74694e-05
155900 0.000212917
156200 -0.000250953
156400 0.000436276
156700 -0.000389452
156900 -0.000341917
157200 0.000171641
157500 -0.000396803
157700 0.000180606
158000 -0.000360198
158200 0.00035718
158500 0.000471732
158700 0.000183015
159000 8.58417e-05
159200 0.000197916
159500 -0.000787934
159800 0.000300674
160000 0.000108596
160300 -0.000398548
160500 -0.000554755
160800 -0.000279995
161000 4.45241e-05
161300 0.00052105
161600 -0.000556281
161800 -0.000319737
162100 -0.000269995
162400 -6.05388e-05
162600 0.000481837
162900 0.000142868
163100 0.000249424
163400 0.000177327
163700 -0.000373378
163900 3.90052e-05
164200 -0.000306164
164500 0.000634494
164700 -0.000548134
165000 0.000517549
165300 2.52109e-06
165500 0.000418424
165800 -0.000246113
166100 -0.000476996
166300 0.000346642
166600 0.000807202
166900 -0.000343943
167100 0.000395241
167400 -7.78636e-05
167700 0.000104783
167900 0.000249864
168200 -9.93193e-06
168500 0.000311532
168800 0.000115447
169000 3.13298e-05
169300 -0.000573274
169600 -0.000287278
169800 0.000128559
170100 0.000474574
170400 0.000140883
170700 -9.43408e-05
170900 -0.000170101
171200 9.15484e-05
171500 0.000429693
171800 0.000150803
172000 0.000116802
172300 0.000142082
172600 -0.000481138
172900 -0.000840707
173200 0.000320344
173400 0.000137542
173700 0.000102598
174000 0.000722679
174300 0.000258262
174600 0.000315443
174800 -0.00043889
175100 -0.000126662
175400 -0.000568634
175700 -0.000105467
176000 0.000556296
176300 0.000400696
176500 0.000397594
176800 -0.000376165
177100 0.000750434
177400 -4.82277e-05
177700 0.000253128
178000 -2.40044e-05
178300 0.000329629
178500 -0.000110685
178800 -0.000280962
179100 0.000402887
179400 9.484e-05
179700 -0.000194174
180000 0.000358875
180300 0.00027837
180600 0.00043645
180900 -0.000269593
181200 0.000183687
181400 -0.000158257
181700 -0.000487731
182000 -0.00015673
182300 -0.00028292
182600 9.53531e-05
182900 0.000193411
183200 0.00014754
183500 0.00057293
183800 0.000138848
184100 -0.000337283
184400 -0.000477814
184700 0.00034761
185000 -0.000434399
185300 -0.000667828
185600 0.000556234
185900 0.000518541
186200 -0.000282514
186500 7.64185e-05
186800 0.000301185
187100 -0.000156942
187400 0.000438038
187700 0.000812469
188000 -0.000343522
188300 -0.000339181
188600 -7.60644e-05
188900 0.000346106
189200 0.000199409
189500 3.04542e-05
189800 0.000353251
190100 -0.000473173
190400 -0.000916083
190700 -9.29757e-05
191000 -8.91761e-05
191400 0.00026614
191700 5.14482e-05
192000 0.000104267
192300 -2.03995e-06
192600 -0.000205071
192900 -0.000829445
193200 -3.84836e-05
193500 0.000164386
193800 -0.000112793
194200 0.000425939
194500 4.06604e-05
194800 4.01237e-05
195100 -0.00017804
195400 0.000227259
195700 0.000301183
196000 -6.50049e-05
196400 0.000279067
196700 -6.35498e-05
197000 0.000474248
197300 -0.000168374
197600 0.000281962
197900 -0.00010113
198300 -0.000934181
198600 0.000346914
198900 -0.000170131
199200 -0.00058258
199500 0.000110304
199900 0.000183064
200200 0.000275916
200500 0.000281665
200800 0.000273572
201200 5.83177e-05
201500 -0.000546631
201800 -4.66989e-06
202100 0.000278626
202500 -0.000178581
202800 -0.000217701
203100 0.000287537
203400 0.00042403
203800 -0.000195567
204100 -0.000495421
204400 -0.000223031
204800 -2.29525e-06
205100 0.000137479
205400 -7.2311e-05
205700 -0.000192619
206100 -9.36187e-05
206400 0.000120327
206700 0.000319843
207100 8.71744e-05
207400 0.000513591
207700 -0.000393586
208100 0.000352197
208400 -9.37772e-05
208800 -6.11781e-05
209100 -0.000269867
209400 6.61399e-06
209800 0.000280229
210100 -2.49594e-05
210400 -0.000101379
210800 0.000253963
211100 -0.00030782
211500 -0.000267618
211800 -0.000180274
212100 0.000821197
212500 -0.00105601
212800 1.1185e-05
213200 0.000595466
213500 -0.000421032
213900 0.000287824
214200 -0.000481826
214600 -0.00037474
214900 0.000107562
215200 -0.000192855
215600 7.26659e-05
215900 0.000237113
216300 7.87568e-05
216600 0.000359548
217000 -0.000487812
217300 -3.89878e-05
217700 -6.71655e-07
218000 -0.00039326
218400 -0.000355528
218700 -0.000214248
219100 0.000137908
219400 0.00041907
219800 9.46439e-05
220200 0.000112836
220500 0.00047608
220900 -0.000101607
221200 -0.000275733
221600 -5.29166e-05
221900 0.000574735
222300 0.000436376
222700 0.000102693
223000 -0.000536973
223400 0.000101377
223700 0.000354187
224100 0.000403835
224500 -0.000752974
224800 0.000475858
225200 -0.000446059
225500 -0.000343886
225900 0.000707697
226300 0.000397396
226600 -2.97801e-05
227000 -5.3491e-05
227400 0.000567448
227700 -2.87945e-05
228100 -1.40493e-05
228500 0.000214697
228800 -0.000176871
229200 0.000188822
229600 -0.000211824
229900 -0.000417906
230300 -0.000591644
230700 -0.000422773
231100 0.000533911
231400 -7.39308e-05
231800 0.000343674
232200 -0.000290905
232600 0.000720058
232900 0.000704414
233300 -0.000243289
233700 -0.000673417
234100 -0.000302758
234400 0.000173961
234800 -0.000292843
235200 -0.000875564
235600 -0.000149614
236000 -0.000280061
236300 -0.000232023
236700 -1.27457e-05
237100 9.22548e-05
237500 0.000246954
237900 0.000207518
238200 0.000275006
238600 0.000419988
239000 -5.23902e-05
239400 -3.50705e-05
239800 -0.000333389
240200 -0.000775111
240600 4.31451e-06
241000 3.4698e-05
241300 -0.000279344
241700 6.34583e-05
242100 -7.05049e-05
242500 -6.93701e-05
242900 -0.000542698
243300 0.000191063
243700 0.000374208
244100 0.000102611
244500 0.000145231
244900 8.3202e-05
245300 8.11919e-05
245700 -0.000591229
246100 0.000108824
246400 0.000346881
246800 1.52299e-05
247200 4.7463e-05
247600 3.65699e-05
248000 0.000483388
248400 -0.000386922
248800 0.000252041
249200 -0.000339946
249600 0.000284249
250000 -0.00104823
250500 0.000281294
250900 0.000245754
251300 -8.16558e-05
251700 2.37928e-05
252100 -0.000375241
252500 -0.000214483
252900 -0.000118677
253300 7.9091e-05
253700 -0.000370229
254100 -0.00085204
254500 -5.71714e-05
254900 4.83962e-05
255300 0.0001816
255800 -0.000305006
256200 -0.000433817
256600 0.000409108
257000 5.7e-05
257400 0.000183417
257800 0.000135021
258200 -0.000273565
258700 -0.000260059
259100 0.000217764
259500 -0.000300223
259900 0.000238065
260300 0.000257814
260800 -0.000218792
261200 -9.74798e-05
261600 -2.56699e-05
262000 -0.00011172
262400 6.75801e-06
262900 0.000913883
263300 0.00013973
263700 3.23414e-05
264100 0.000310589
264600 0.000429427
265000 -4.93636e-05
265400 0.000404304
265800 -0.000172762
266300 -2.96084e-05
266700 -0.00032479
267100 -0.000577356
267600 -0.000157845
268000 -0.000756853
268400 -0.000131182
268900 -0.000144702
269300 -1.72758e-05
269700 0.000343965
270200 0.000341196
270600 0.000161773
271000 -9.91615e-05
271500 -0.000384407
271900 -0.000601638
272300 0.000641393
272800 -0.000130011
273200 -6.07766e-05
273700 -0.000359121
274100 -0.000145506
274600 -0.000343166
275000 -0.000349914
275400 -0.000207748
275900 0.000600373
276300 -2.16523e-05
276800 0.000309444
277200 -6.11156e-05
277700 0.000415845
278100 -0.000349142
278600 7.05527e-05
279000 0.000590959
279500 0.000480559
279900 -0.000112323
280400 0.00107694
280800 0.000329622
281300 -0.00052499
281700 0.000321646
282200 0.000447466
282600 -9.63933e-05
283100 -0.000274094
283500 0.000293498
284000 0.000206668
284500 0.000149595
284900 -9.70349e-05
285400 -0.000339091
285800 0.000143931
286300 8.04117e-05
286800 0.000454222
287200 3.19733e-05
287700 0.000187574
288200 0.000245979
288600 0.000300691
289100 -0.000905045
289500 4.92409e-05
290000 -0.000114514
290500 -0.000144163
291000 4.90526e-05
291400 -0.000128756
291900 -2.12797e-05
292400 -0.000176155
292800 0.000362575
293300 0.000129728
293800 0.00038524
294300 0.000196484
294700 0.000242134
295200 0.000241772
295700 0.00060103
296200 0.00023292
296600 -0.000106002
297100 0.000526231
297600 0.000526283
298100 3.73718e-05
298600 0.000432638
299000 0.00013204
299500 -0.000763103
300000 -0.000529253
300500 -0.000234102
301000 0.000278808
301500 -0.000183411
301900 -0.000387118
302400 -0.00025421
302900 -0.00128299
303400 0.000616531
303900 0.000180877
304400 -0.000263806
304900 -0.000265731
305400 -0.000459865
305900 0.000421115
306400 -0.000390872
306800 -0.000161019
307300 -0.000683906
307800 -0.000110705
308300 0.000587154
308800 -0.000514372
309300 -0.000333984
309800 -0.000666996
310300 -0.000774423
310800 -0.000432368
311300 0.000373577
311800 0.000480439
312300 0.00065164
312800 -0.000167026
313300 -0.000594508
313800 -0.000937922
314400 -0.000307435
314900 -0.000216649
315400 0.000442508
315900 0.000572267
316400 -0.000113615
316900 -6.24411e-05
317400 -0.00040373
317900 -0.000539477
318400 -0.000228869
318900 0.000259861
319500 0.00109252
320000 0.000910437
320500 6.86839e-05
321000 0.000341676
321500 0.00014925
322000 0.000236521
322600 5.66214e-05
323100 -3.78283e-06
323600 -0.000410563
324100 0.00021831
324700 -0.000158797
325200 0.000313741
325700 -0.000589789
326200 -0.000863164
326800 -0.000496286
327300 0.000370122
327800 -0.000628586
328300 -0.000166033
328900 -0.000204155
329400 -2.01924e-05
329900 0.000237178
330500 -0.000458216
331000 0.000181939
331500 -0.000301963
332100 0.0002112
332600 2.52287e-05
333100 0.000190612
333700 -0.000150471
334200 0.00045086
334700 2.47339e-05
335300 -0.000674887
335800 0.000394572
336400 0.000296162
336900 -7.63858e-05
337500 6.63381e-05
338000 0.000328653
338500 0.000119225
339100 -0.000850018
339600 0.000160896
340200 -0.00105254
340700 -6.23653e-06
341300 0.000468931
341800 -0.00020192
342400 0.000326233
342900 -0.000280995
343500 -0.000827663
344000 0.000573014
344600 0.000175957
345200 -0.000214416
345700 -2.61807e-05
346300 0.000328833
346800 0.000768969
347400 -0.000313271
347900 0.000202088
348500 0.000168327
349100 0.000612719
349600 -0.000101213
350200 -0.000613719
350800 -0.000433808
351300 0.000242785
351900 0.00102189
352500 -0.000436065
353000 0.000300557
353600 0.000276901
354200 -7.73014e-05
354700 7.84326e-05
355300 0.000575921
355900 0.000854718
356500 0.000898922
357000 -0.000124809
357600 -0.000609687
358200 -0.000178098
358800 -0.000276907
359300 -0.000287757
359900 0.000719209
360500 -0.000337189
361100 -0.000589175
361700 -0.000372457
362300 0.000922572
362800 0.000100321
363400 0.00037591
364000 -0.000413516
364600 -0.000756725
365200 6.41535e-05
365800 8.92426e-06
366400 0.00104794
367000 0.00082223
367500 6.86677e-05
368100 0.000651208
368700 -0.000121839
369300 -9.54743e-05
369900 0.000529357
370500 0.000340081
371100 4.81857e-05
371700 0.000139106
372300 -0.000482677
372900 5.67584e-05
373500 0.000116562
374100 0.000276509
374700 0.00052271
375300 0.000110903
375900 0.000391428
376500 -0.000430599
377200 -0.000363019
377800 0.000105193
378400 -7.04675e-05
379000 -0.000388088
379600 0.00012419
380200 2.58712e-05
380800 0.000181788
381400 -0.000297709
382000 0.000424254
382700 0.000582138
383300 6.6857e-05
383900 0.000225328
384500 0.000315765
385100 -0.000171677
385800 0.000333657
386400 -5.98439e-06
387000 -0.000168804
387600 5.55178e-05
388300 0.000110855
388900 -9.52073e-05
389500 0.000150137
390100 0.000435525
390800 -1.43495e-05
391400 0.000149733
392000 0.000444197
392700 -0.00016598
393300 0.00025871
393900 0.000517586
394600 0.000479943
395200 0.00042154
395800 0.000130988
396500 -0.000488441
397100 0.000550575
397800 0.000227411
398400 0.000335894
399000 0.000814456
399700 0.000325872
400300 0.000322891
401000 0.00016881
401600 0.000270954
402300 0.000107265
402900 0.000359334
403600 -3.28102e-05
404200 -0.00050483
404900 -0.000131353
405500 0.000205065
406200 0.000306778
406800 -6.0102e-05
407500 -0.000200525
408100 1.21842e-05
408800 -0.000595107
409500 0.000481064
410100 -0.000139423
410800 -0.000428329
411400 -0.000594516
412100 -0.000255578
412800 7.99814e-05
413400 -0.000203088
414100 -0.000587443
414800 4.24955e-05
415400 0.000422969
416100 0.00017064
416800 8.78793e-05
417500 6.69488e-05
418100 0.000635058
418800 0.000498848
419500 0.000271543
420200 -0.000369181
420800 0.000144422
421500 0.00079546
422200 -0.000920649
422900 0.000671496
423600 1.15783e-05
424200 0.000407371
424900 5.01684e-06
425600 0.000354985
426300 0.000173442
427000 0.000329977
427700 0.000891387
428400 0.000109917
429100 0.000233196
429700 -0.000276444
430400 0.000296913
431100 -5.33708e-05
431800 0.000827133
432500 3.9353e-07
433200 -1.11657e-05
433900 -4.61417e-06
434600 0.000796925
435300 -0.000648928
436000 -2.99141e-05
436700 -0.000918568
437400 0.000497217
438100 -0.000675339
438800 -0.000102292
439600 0.000401898
440300 -0.000523131
441000 -0.00112224
441700 5.48895e-05
442400 0.000249032
443100 -0.000489307
443800 0.000339696
444500 -0.000146542
445300 0.00055584
446000 0.000587555
446700 0.000696963
447400 5.95621e-05
448100 0.000162656
448900 0.000165725
449600 -2.88053e-05
450300 0.000145945
451000 -0.000107039
451800 -0.000250348
452500 -0.000495235
453200 0.000156102
454000 8.38494e-05
454700 0.000437727
455400 -4.75033e-05
456200 -0.000423102
456900 0.000185551
457600 -0.000243304
458400 0.000275935
459100 -0.000549432
459800 0.000533353
460600 0.000317357
461300 -0.00014909
462100 -0.000156143
462800 -0.000660168
463600 0.000134122
464300 -0.0001734
465100 2.80471e-05
465800 0.000268086
466600 0.00100613
467300 -0.000112206
468100 0.000427207
468800 -0.000472474
469600 0.000439462
470300 -0.000619522
471100 0.000468725
471900 -5.80732e-05
472600 -0.000478674
473400 0.000787227
474100 7.08218e-05
474900 0.000221319
475700 0.000774955
476400 7.22956e-05
477200 0.00110182
478000 0.000653858
478800 -3.1141e-05
479500 -0.000137815
480300 0.000230386
481100 0.000143161
481900 0.000345559
482600 8.45535e-05
483400 9.04452e-05
484200 0.000719558
485000 -0.000323568
485800 0.000528636
486500 0.000540735
487300 1.83978e-05
488100 -0.00065415
488900 0.000362381
489700 0.000237858
490500 -0.000978286
491300 -0.000259761
492100 -0.000121475
492800 0.00037262
493600 -0.000252153
494400 -0.000222899
495200 0.0010057
496000 -0.000793922
496800 0.00107875
497600 -0.000105912
498400 7.27834e-05
499200 -0.00091382
500000 -0.000533778
500900 0.00021664
501700 -0.000158451
502500 -0.00099996
503300 -0.000244227
504100 -0.000576319
504900 -1.94051e-06
505700 0.000670646
506500 -0.000109935
507400 -0.000734387
508200 0.000262425
509000 -6.21156e-05
509800 0.00030512
510600 -0.000522504
511500 0.000436293
512300 9.93137e-05
513100 -0.000711194
513900 0.000605476
514800 0.000559576
515600 -0.000606534
516400 -0.000135764
517300 2.81026e-06
518100 0.000228465
518900 0.000221191
519800 0.000421426
520600 -0.000361699
521500 -0.000578044
522300 0.000627891
523100 -0.000633837
524000 0.00141677
524800 -0.00038696
525700 0.000169297
526500 -1.30838e-06
527400 0.000475178
528200 -0.000381211
529100 0.000597683
529900 0.000321365
530800 0.000681275
531600 0.00115464
532500 2.49167e-06
533400 0.000403604
534200 0.000414052
535100 0.00058581
535900 0.000103074
536800 0.000251258
537700 0.000279842
538500 0.000110092
539400 0.000469372
540300 7.04337e-05
541100 0.000957554
542000 -0.000838356
542900 7.58365e-05
543800 0.000235533
544600 0.000510919
545500 0.000193291
546400 -0.000541942
547300 -0.000411738
548200 0.00130598
549100 -0.000254265
549900 -0.000463263
550800 3.2603e-05
551700 0.000390462
552600 -0.000203719
553500 0.00024945
554400 -0.000381287
555300 -0.000518688
556200 -3.93322e-05
557100 0.000201997
558000 -0.000840945
558900 0.000380144
559800 -0.000370957
560700 7.6758e-06
561600 0.000784639
562500 -3.30576e-05
563400 -7.94031e-05
564300 0.000548715
565200 -0.000336802
566100 -0.000464231
567000 0.000898671
568000 -0.000778626
568900 -0.000137997
569800 -0.000236651
570700 -0.00122598
571600 -0.000412932
572600 0.000410214
573500 0.00021066
574400 -0.000271582
575300 0.000283946
576300 0.000260728
577200 4.45742e-05
578100 0.000554522
579000 -0.000214562
580000 0.000824529
580900 -0.000160852
581900 -7.27383e-05
582800 7.04275e-05
583700 0.000640323
584700 -0.00051042
585600 5.69554e-05
586600 -0.000986779
587500 0.00080049
588500 0.000708312
589400 -0.000442242
590400 0.000963013
591300 0.000274894
592300 -0.00131014
593200 1.21581e-05
594200 -5.90303e-05
595100 -0.000697739
596100 0.000396894
597100 -0.0006347
598000 8.4301e-05
599000 0.000229301
599900 -7.01198e-06
600900 -0.00108385
601900 0.000396073
602900 -0.00064745
603800 0.000197308
604800 0.000543914
605800 -0.000266706
606800 -0.00066398
607700 9.72028e-05
608700 -0.000420538
609700 -0.000652808
610700 -0.000480321
611700 0.000789101
612700 0.00101112
613600 -6.1049e-05
614600 -0.000443879
615600 0.00046322
616600 -2.33735e-05
617600 -0.000509225
618600 0.000483157
619600 -0.000622033
620600 -0.000587633
621600 0.000502722
622600 0.000927292
623600 -0.000319485
624600 7.53296e-05
625600 -0.000263342
626600 0.000273461
627600 -0.000540421
628700 0.00029482
629700 0.000285829
630700 0.000622631
631700 7.56654e-05
632700 5.6886e-05
633700 -0.000266435
634800 -0.000735596
635800 0.000447733
636800 -0.00011108
637800 -0.000435722
638900 0.000281699
639900 -0.0010735
640900 0.000428732
642000 -0.00103128
643000 -0.000712102
644000 0.00088174
645100 0.00134041
646100 5.0359e-05
647200 5.5347e-05
648200 -0.000906755
649300 -0.00125769
650300 -0.000260516
651400 -0.00143469
652400 -0.000432883
653500 -1.92138e-05
654500 0.000207736
655600 0.00127569
656600 0.000106992
657700 -0.00107345
658700 -0.000331924
659800 -0.000143558
660900 -0.000547354
661900 8.99782e-05
663000 -0.000573701
664100 0.000684238
665100 -0.000172527
666200 -3.55414e-05
667300 9.04138e-05
668400 -0.000105145
669400 -0.000208891
670500 -0.000246361
671600 0.000237333
672700 0.000128174
673800 0.000244233
674900 -0.000454387
676000 0.000665636
677000 0.000183761
678100 -0.000270396
679200 0.000445441
680300 -0.000448801
681400 0.00129257
682500 8.95167e-05
683600 0.000178947
684700 5.13735e-06
685800 0.00144618
686900 0.000284478
688000 0.000202973
689200 0.000788511
690300 0.000327218
691400 -3.13906e-05
692500 0.000300346
693600 0.0005403
694700 -0.000503494
695800 0.000553984
697000 0.000839755
698100 0.000344972
699200 0.000436449
700400 0.000395045
701500 -0.000646185
702600 -0.00112223
703700 -0.000221982
704900 0.000264146
706000 0.000277505
707200 0.000637549
708300 -0.000537564
709400 0.000106719
710600 -0.000455447
711700 -6.03904e-05
712900 -0.000250979
714000 0.000543099
715200 0.000514905
716300 -0.000171214
717500 -0.000314399
718600 0.000516529
719800 -0.00060464
721000 0.00105685
722100 -4.6564e-05
723300 0.000556878
724500 0.000386314
725600 -0.000267178
726800 0.000630695
728000 0.000401773
729100 -1.67252e-05
730300 -0.000238075
731500 -0.000580128
732700 0.000180664
733900 -0.000975532
735000 0.000891367
736200 0.000306408
737400 -0.000260649
738600 0.000767493
739800 -6.06027e-06
741000 -0.000682883
742200 -0.00105269
743400 -0.000265363
744600 -0.000632653
745800 -0.000640753
747000 -0.000373109
748200 0.000286604
749400 0.000846809
750600 0.00145505
751800 7.85358e-06
753000 -0.000225725
754300 -4.97769e-05
755500 -0.000644747
756700 0.000769685
757900 -0.00083883
759100 -0.00103276
760400 0.0005041
761600 -9.0733e-05
762800 -0.00151413
764000 -0.000865304
765300 9.89857e-05
766500 0.000397947
767700 -0.00137355
769000 0.000563549
770200 0.000212505
771500 0.000933051
772700 -0.00145945
774000 -0.000250086
775200 0.000497452
776500 0.00047178
777700 -0.000511781
779000 -0.000247124
780200 0.000849425
781500 0.000694729
782700 0.000531659
784000 -0.000106749
785300 -0.000996425
786500 0.00115242
787800 -0.000363028
789100 0.000396791
790300 -0.000484418
791600 -0.000619816
792900 -0.00108437
794200 0.000247844
795500 -0.000133507
796700 0.000262258
798000 -0.00061287
799300 -0.000582325
800600 0.00118121
801900 0.00121417
803200 -0.000107985
804500 0.000339367
805800 0.000418538
807100 0.000633842
808400 0.0015603
809700 -0.00108754
811000 -0.000451173
812300 -0.000459523
813600 -0.00117798
814900 -0.000549669
816200 -0.000269103
817600 -4.39545e-05
818900 0.000230253
820200 4.59628e-07
821500 0.000978117
822800 -0.000238469
824200 0.00102663
825500 -0.00033692
826800 0.000224891
828200 -0.000618392
829500 4.85154e-05
830800 7.02271e-05
832200 0.000340396
833500 0.000275479
834900 0.000217119
836200 -0.00115977
837600 -0.00050586
838900 -0.000139062
840300 0.00148104
841600 -0.000673411
843000 0.00132127
844300 0.000250868
845700 0.000897964
847100 0.00179046
848400 -0.000689138
849800 0.000340825
851200 -0.000360521
852500 0.000122079
853900 0.000194562
855300 -9.20784e-06
856700 0.000617828
858100 -0.000462443
859400 -0.000249589
860800 0.000692591
862200 0.00119101
863600 0.000581113
865000 -0.000537314
866400 0.000379243
867800 0.000264759
869200 0.00100917
870600 0.00028817
872000 -0.000735739
873400 0.00126294
874800 0.000103864
876200 -3.54694e-05
877600 -0.000860786
879100 -0.00119468
880500 0.000862969
881900 0.00116983
883300 -0.000559656
884700 0.00101426
886200 0.00172345
887600 0.000824164
889000 0.000163127
890500 0.00169518
891900 -0.000989909
893300 0.00114327
894800 -0.000303116
896200 0.000817773
897700 -0.000572842
899100 0.000911028
900600 5.64401e-05
902000 0.00210126
903500 0.000551379
904900 -0.00138833
906400 0.000800576
907900 8.82968e-05
909300 0.000631292
910800 0.0020618
912300 0.000737699
913700 0.001263
915200 0.00236422
916700 0.00166163
918200 0.00207397
919600 0.000547698
921100 0.000970048
922600 0.00193035
924100 -0.00128685
925600 0.00159189
927100 -0.000845984
928600 -0.00112169
930100 0.000156126
931600 -3.51952e-05
933100 -0.00113281
934600 -0.00215298
936100 -0.000302837
937600 0.000785331
939100 0.00163101
940600 0.00132594
942200 -0.000955915
943700 -0.00166108
945200 0.00131631
946700 -0.00190965
948200 1.25348e-05
949800 0.00108649
951300 -0.000633626
952800 0.000971715
954400 0.00186859
955900 -0.000153669
957500 0.00162358
959000 -0.00154001
960600 0.00208016
962100 -0.00254317
963700 -0.00104551
965200 5.39531e-06
966800 0.000902647
968300 -0.00152261
969900 -0.000950544
971500 -0.000894264
973000 0.00119954
974600 -0.00333585
976200 0.00160301
977700 0.00227431
979300 -0.000853582
980900 -4.02982e-05
982500 -0.0020475
984100 -0.000905572
985600 -0.00478335
987200 -0.00067724
988800 -0.00389187
990400 0.00244863
992000 -0.00274815
993600 -0.00500394
995200 0.00566744
996800 -0.00269935
998400 -0.0039012
1e+06 -0.000531251
