% q = 1
lag_time F_qt
0 1
0.1 0.999405
0.2 0.998322
0.3 0.997206
0.4 0.996169
0.5 0.99521
0.6 0.994319
0.7 0.993483
0.8 0.992691
0.9 0.991936
1 0.991213
1.1 0.990515
1.2 0.989836
1.3 0.989175
1.4 0.988533
1.5 0.987907
1.6 0.987295
1.7 0.986696
1.8 0.986105
1.9 0.98552
2 0.984946
2.1 0.984384
2.2 0.98383
2.3 0.983286
2.4 0.982751
2.5 0.98222
2.6 0.981698
2.7 0.981184
2.8 0.980675
2.9 0.980168
3 0.979664
3.1 0.979164
3.2 0.978671
3.3 0.978184
3.4 0.977701
3.5 0.97722
3.6 0.976746
3.7 0.976277
3.8 0.97581
3.9 0.975345
4 0.974885
4.1 0.974436
4.2 0.973989
4.3 0.973545
4.4 0.973106
4.5 0.972668
4.6 0.972232
4.7 0.971798
4.8 0.971367
4.9 0.970938
5 0.970513
5.1 0.970092
5.2 0.969673
5.3 0.969257
5.4 0.968843
5.5 0.968433
5.6 0.968025
5.7 0.967623
5.8 0.967225
5.9 0.96683
6 0.966437
6.1 0.966048
6.2 0.965654
6.3 0.965256
6.4 0.964857
6.5 0.96446
6.6 0.964068
6.7 0.96368
6.8 0.963295
6.9 0.962912
7 0.962531
7.1 0.962154
7.2 0.961779
7.3 0.961404
7.4 0.961029
7.5 0.960653
7.6 0.960277
7.7 0.959902
7.8 0.959529
7.9 0.959158
8 0.958791
8.1 0.958429
8.2 0.95807
8.3 0.957713
8.4 0.957357
8.5 0.957
8.6 0.956641
8.7 0.956285
8.8 0.955932
8.9 0.955578
9 0.955222
9.1 0.954867
9.2 0.954518
9.3 0.954173
9.4 0.953827
9.5 0.953476
9.6 0.953122
9.7 0.952766
9.8 0.952409
9.9 0.952056
10 0.951706
10.1 0.951361
10.2 0.951021
10.3 0.950685
10.4 0.950356
10.5 0.950029
10.6 0.949703
10.7 0.949377
10.8 0.949046
10.9 0.94871
11 0.948371
11.1 0.948034
11.2 0.9477
11.3 0.947366
11.4 0.947036
11.5 0.94671
11.6 0.946383
11.7 0.946057
11.8 0.945732
11.9 0.94541
12 0.945085
12.1 0.944759
12.2 0.944431
12.3 0.944102
12.4 0.943775
12.5 0.943452
12.6 0.943132
12.7 0.942814
12.8 0.942495
12.9 0.942172
13 0.941846
13.1 0.941517
13.2 0.941186
13.3 0.940853
13.4 0.940522
13.5 0.94019
13.6 0.939862
13.7 0.939538
13.8 0.939219
13.9 0.938897
14 0.938572
14.1 0.938247
14.2 0.937925
14.3 0.937604
14.4 0.937283
14.5 0.936965
14.6 0.936651
14.7 0.936341
14.8 0.936034
14.9 0.935726
15 0.935416
15.1 0.935106
15.2 0.934797
15.3 0.93449
15.4 0.934185
15.5 0.933881
15.6 0.933581
15.7 0.933281
15.8 0.93298
15.9 0.932679
16 0.932379
16.1 0.93208
16.2 0.931779
16.3 0.931477
16.4 0.931173
16.5 0.930872
16.6 0.930574
16.7 0.930276
16.8 0.929982
16.9 0.929692
17 0.929405
17.1 0.929118
17.2 0.928835
17.3 0.928553
17.4 0.928274
17.5 0.927999
17.6 0.927728
17.7 0.927461
17.8 0.927198
17.9 0.926937
18 0.926675
18.1 0.926413
18.2 0.926145
18.3 0.925875
18.4 0.925604
18.5 0.925332
18.6 0.925058
18.7 0.924781
18.8 0.924504
18.9 0.924229
19 0.923955
19.1 0.923685
19.2 0.92342
19.3 0.923158
19.4 0.922897
19.5 0.922635
19.6 0.922376
19.7 0.922118
19.8 0.92186
19.9 0.921597
20 0.921332
20.1 0.921067
20.2 0.920803
20.3 0.920538
20.4 0.920277
20.5 0.920015
20.6 0.919752
20.7 0.919489
20.8 0.919228
20.9 0.918971
21 0.918717
21.1 0.918466
21.2 0.918218
21.3 0.91797
21.4 0.917721
21.5 0.917474
21.6 0.91723
21.7 0.916988
21.8 0.916745
21.9 0.916503
22 0.916261
22.1 0.916018
22.2 0.915774
22.3 0.915529
22.4 0.915278
22.5 0.915023
22.6 0.914771
22.7 0.914518
22.8 0.914265
22.9 0.91401
23 0.913753
23.1 0.913497
23.2 0.91324
23.3 0.912984
23.4 0.91273
23.5 0.912478
23.6 0.912225
23.7 0.911972
23.8 0.911722
23.9 0.911472
24 0.911222
24.1 0.910971
24.2 0.910723
24.3 0.910478
24.4 0.910233
24.5 0.90999
24.6 0.909751
24.7 0.909515
24.8 0.909281
24.9 0.909045
25 0.908811
25.1 0.908581
25.2 0.908357
25.3 0.908139
25.4 0.907923
25.5 0.907704
25.6 0.907489
25.7 0.907277
25.8 0.907068
25.9 0.906856
26 0.906642
26.1 0.906426
26.2 0.906211
26.3 0.905996
26.4 0.905779
26.5 0.905557
26.6 0.905332
26.7 0.905108
26.8 0.904884
26.9 0.904663
27 0.904447
27.1 0.904235
27.2 0.904031
27.3 0.90383
27.4 0.903628
27.5 0.903428
27.6 0.903223
27.7 0.903017
27.8 0.902815
27.9 0.902617
28 0.902422
28.1 0.902229
28.2 0.902033
28.3 0.901837
28.4 0.901639
28.5 0.901444
28.6 0.901253
28.7 0.901064
28.8 0.900872
28.9 0.900676
29 0.900477
29.1 0.900272
29.2 0.900064
29.3 0.899859
29.4 0.899656
29.5 0.899453
29.6 0.899245
29.7 0.89903
29.8 0.89881
29.9 0.898591
30 0.898369
30.1 0.898156
30.2 0.897952
30.3 0.897751
30.4 0.897547
30.5 0.897341
30.6 0.897136
30.7 0.896935
30.8 0.896735
30.9 0.896535
31 0.896333
31.1 0.896127
31.2 0.895921
31.3 0.895717
31.4 0.895514
31.5 0.895311
31.6 0.895104
31.7 0.894898
31.8 0.894693
31.9 0.894484
32 0.894277
32.1 0.894068
32.2 0.89386
32.3 0.893655
32.4 0.893456
32.5 0.89326
32.6 0.893065
32.7 0.892867
32.8 0.892672
32.9 0.892478
33 0.892287
33.1 0.892097
33.2 0.891907
33.3 0.891716
33.4 0.891527
33.5 0.89134
33.6 0.891152
33.7 0.890959
33.8 0.890768
33.9 0.890585
34 0.890408
34.1 0.890238
34.2 0.890073
34.3 0.889907
34.4 0.889738
34.5 0.889564
34.6 0.889387
34.7 0.889209
34.8 0.889031
34.9 0.888857
35 0.888682
35.1 0.888507
35.2 0.888327
35.3 0.888152
35.4 0.887978
35.5 0.887802
35.6 0.88763
35.7 0.887463
35.8 0.887297
35.9 0.887132
36 0.886967
36.1 0.886799
36.2 0.886635
36.3 0.886473
36.4 0.88631
36.5 0.886145
36.6 0.885979
36.7 0.885813
36.8 0.885645
36.9 0.885479
37 0.885315
37.1 0.885149
37.2 0.884981
37.3 0.884811
37.4 0.884638
37.5 0.884464
37.6 0.884291
37.7 0.88412
37.8 0.88395
37.9 0.883781
38 0.883617
38.1 0.883455
38.2 0.883297
38.3 0.883137
38.4 0.882976
38.5 0.882809
38.6 0.882638
38.7 0.882466
38.8 0.882293
38.9 0.882124
39 0.881954
39.1 0.881783
39.2 0.881616
39.3 0.881452
39.4 0.881291
39.5 0.881135
39.6 0.880983
39.7 0.880829
39.8 0.880672
39.9 0.880505
40 0.880336
40.1 0.880168
40.2 0.880001
40.3 0.879833
40.4 0.879661
40.5 0.879488
40.6 0.87932
40.7 0.87916
40.8 0.879005
40.9 0.878849
41 0.878694
41.1 0.878536
41.2 0.878378
41.3 0.878214
41.4 0.878046
41.5 0.877878
41.6 0.877705
41.7 0.877531
41.8 0.877357
41.9 0.877188
42 0.877021
42.1 0.87685
42.2 0.876681
42.3 0.876515
42.4 0.876354
42.5 0.876191
42.6 0.876025
42.7 0.875858
42.8 0.87569
42.9 0.87552
43 0.875355
43.1 0.875198
43.2 0.875044
43.3 0.874889
43.4 0.874735
43.5 0.874581
43.6 0.874425
43.7 0.874264
43.8 0.874101
43.9 0.873936
44 0.873776
44.1 0.87362
44.2 0.873463
44.3 0.873303
44.4 0.873145
44.5 0.872987
44.6 0.87283
44.7 0.872675
44.8 0.872515
44.9 0.87235
45 0.872184
45.1 0.872015
45.2 0.871847
45.3 0.871679
45.4 0.87151
45.5 0.871347
45.6 0.871188
45.7 0.871033
45.8 0.870884
45.9 0.870736
46 0.870588
46.1 0.870441
46.2 0.870297
46.3 0.870156
46.4 0.870009
46.5 0.869859
46.6 0.869708
46.7 0.86956
46.8 0.869409
46.9 0.86925
47 0.869085
47.1 0.868919
47.2 0.868763
47.3 0.86861
47.4 0.868455
47.5 0.868296
47.6 0.86814
47.7 0.867989
47.8 0.867845
47.9 0.867702
48 0.867558
48.1 0.867411
48.2 0.867267
48.3 0.867124
48.4 0.86698
48.5 0.866836
48.6 0.866691
48.7 0.866548
48.8 0.866407
48.9 0.866266
49 0.866127
49.1 0.865992
49.2 0.865856
49.3 0.865718
49.4 0.865577
49.5 0.865432
49.6 0.865285
49.7 0.865139
49.8 0.864992
49.9 0.864845
50 0.864694
50.1 0.864539
50.2 0.86439
50.3 0.86425
50.4 0.864115
50.5 0.863979
50.6 0.863843
50.7 0.86371
50.8 0.863577
50.9 0.863446
51 0.863315
51.1 0.863182
51.2 0.863046
51.3 0.862909
51.4 0.862771
51.5 0.862629
51.6 0.862484
51.7 0.862337
51.8 0.862191
51.9 0.862048
52 0.861906
52.1 0.861761
52.2 0.861616
52.3 0.86147
52.4 0.861318
52.5 0.861161
52.6 0.861004
52.7 0.860851
52.8 0.860706
52.9 0.860561
53 0.860414
53.1 0.86026
53.2 0.860109
53.3 0.859963
53.4 0.859821
53.5 0.859684
53.6 0.859548
53.7 0.859409
53.8 0.859274
53.9 0.85914
54 0.859004
54.1 0.858869
54.2 0.858739
54.3 0.858611
54.4 0.858482
54.5 0.858355
54.6 0.858229
54.7 0.858098
54.8 0.857963
54.9 0.85783
55 0.857698
55.1 0.857566
55.2 0.857435
55.3 0.857305
55.4 0.857179
55.5 0.857065
55.6 0.856954
55.7 0.856847
55.8 0.856742
55.9 0.856638
56 0.856534
56.1 0.856427
56.2 0.856315
56.3 0.856204
56.4 0.856096
56.5 0.855988
56.6 0.855889
56.7 0.855792
56.8 0.855694
56.9 0.855598
57 0.855508
57.1 0.855419
57.2 0.855331
57.3 0.855241
57.4 0.855156
57.5 0.855072
57.6 0.854994
57.7 0.854922
57.8 0.85486
57.9 0.854795
58 0.854724
58.1 0.854651
58.2 0.854579
58.3 0.854509
58.4 0.854436
58.5 0.854359
58.6 0.854282
58.7 0.854209
58.8 0.854139
58.9 0.854075
59 0.854014
59.1 0.853948
59.2 0.853887
59.3 0.853832
59.4 0.853782
59.5 0.853727
59.6 0.853666
59.7 0.853605
59.8 0.85354
59.9 0.85347
60 0.853392
60.1 0.853311
60.2 0.853234
60.3 0.853162
60.4 0.853098
60.5 0.853041
60.6 0.852985
60.7 0.852923
60.8 0.852852
60.9 0.852773
61 0.852692
61.1 0.852607
61.2 0.852529
61.3 0.852451
61.4 0.852364
61.5 0.85227
61.6 0.852175
61.7 0.852079
61.8 0.85199
61.9 0.851906
62 0.851826
62.1 0.851745
62.2 0.851662
62.3 0.851575
62.4 0.851486
62.5 0.851399
62.6 0.85131
62.7 0.851221
62.8 0.851132
62.9 0.851046
63 0.850965
63.1 0.850892
63.2 0.850816
63.3 0.850732
63.4 0.850644
63.5 0.850559
63.6 0.850476
63.7 0.850397
63.8 0.850322
63.9 0.85025
64 0.850178
64.1 0.850103
64.2 0.850037
64.3 0.849966
64.4 0.849888
64.5 0.849804
64.6 0.84971
64.7 0.849613
64.8 0.849527
64.9 0.849444
65 0.849356
65.2 0.849201
65.3 0.849128
65.4 0.849052
65.5 0.848974
65.6 0.848897
65.7 0.848812
65.8 0.848726
65.9 0.848643
66 0.84856
66.1 0.848474
66.2 0.848384
66.3 0.848291
66.4 0.848191
66.5 0.848085
66.6 0.847989
66.7 0.847893
66.9 0.847679
67 0.847569
67.1 0.84746
67.2 0.84735
67.3 0.847236
67.4 0.847123
67.5 0.847009
67.6 0.846895
67.7 0.846778
67.8 0.84666
67.9 0.846539
68 0.846418
68.2 0.84618
68.3 0.846054
68.4 0.845932
68.5 0.845814
68.6 0.845699
68.7 0.845585
68.8 0.84547
68.9 0.845355
69 0.845244
69.2 0.845032
69.3 0.844936
69.4 0.844839
69.5 0.84473
69.6 0.844605
69.7 0.844469
69.8 0.844335
69.9 0.844201
70 0.84407
70.2 0.843807
70.3 0.843689
70.4 0.843568
70.5 0.843454
70.6 0.843351
70.7 0.843257
70.8 0.843168
71 0.842998
71.1 0.842918
71.2 0.842841
71.3 0.842764
71.4 0.842695
71.5 0.84263
71.6 0.842564
71.8 0.842416
71.9 0.842337
72 0.842253
72.1 0.842169
72.2 0.842081
72.3 0.841989
72.5 0.841795
72.6 0.841704
72.7 0.841621
72.8 0.841534
72.9 0.841438
73 0.841334
73.2 0.841105
73.3 0.840993
73.4 0.840892
73.5 0.840793
73.6 0.840689
73.8 0.840496
73.9 0.840404
74 0.840309
74.1 0.840208
74.2 0.840103
74.3 0.839997
74.5 0.839827
74.6 0.839741
74.7 0.839655
74.8 0.839582
75 0.83943
75.1 0.839351
75.2 0.839275
75.3 0.839196
75.4 0.839121
75.6 0.838955
75.7 0.838859
75.8 0.838752
75.9 0.83864
76 0.838511
76.2 0.838227
76.3 0.838085
76.4 0.837948
76.5 0.8378
76.7 0.837527
76.8 0.837399
76.9 0.837271
77 0.837152
77.2 0.836938
77.3 0.836843
77.4 0.836748
77.5 0.836654
77.7 0.836457
77.8 0.836363
77.9 0.836288
78 0.836218
78.2 0.836086
78.3 0.836022
78.4 0.835954
78.5 0.835878
78.7 0.835699
78.8 0.835607
78.9 0.83552
79 0.835439
79.2 0.835284
79.3 0.835203
79.4 0.835119
79.6 0.834951
79.7 0.834872
79.8 0.834792
79.9 0.834703
80.1 0.834529
80.2 0.834435
80.3 0.834341
80.5 0.834178
80.6 0.834107
80.7 0.834036
80.8 0.83397
81 0.833831
81.1 0.83375
81.2 0.833668
81.4 0.833482
81.5 0.833373
81.6 0.833266
81.8 0.83305
81.9 0.832931
82 0.832819
82.2 0.832643
82.3 0.832573
82.4 0.832505
82.6 0.832358
82.7 0.832279
82.8 0.832191
83 0.831993
83.1 0.831879
83.2 0.831767
83.4 0.831495
83.5 0.831338
83.6 0.831187
83.8 0.830884
83.9 0.83073
84 0.830573
84.2 0.830274
84.3 0.830125
84.4 0.829962
84.6 0.829651
84.7 0.829497
84.8 0.829341
85 0.829056
85.1 0.828923
85.3 0.828626
85.4 0.828508
85.5 0.828403
85.7 0.828204
85.8 0.828097
86 0.827845
86.1 0.827682
86.2 0.82751
86.4 0.827184
86.5 0.827024
86.6 0.82685
86.8 0.826503
86.9 0.826339
87.1 0.826024
87.2 0.825878
87.3 0.825747
87.5 0.825531
87.6 0.825446
87.8 0.825237
87.9 0.825137
88.1 0.824948
88.2 0.824855
88.3 0.824764
88.5 0.824591
88.6 0.824525
88.8 0.824418
88.9 0.824361
89.1 0.824239
89.2 0.824157
89.3 0.824074
89.5 0.823947
89.6 0.823873
89.8 0.823734
89.9 0.823647
90.1 0.823453
90.2 0.823335
90.4 0.823079
90.5 0.822955
90.6 0.822849
90.8 0.822664
90.9 0.82259
91.1 0.822356
91.2 0.822234
91.4 0.822048
91.5 0.821954
91.7 0.821729
91.8 0.821648
92 0.821512
92.1 0.821453
92.3 0.821247
92.4 0.821113
92.6 0.820921
92.7 0.820878
92.9 0.820852
93 0.820846
93.2 0.820856
93.3 0.820846
93.5 0.820769
93.6 0.820705
93.8 0.820505
93.9 0.820405
94.1 0.820264
94.2 0.820147
94.4 0.819815
94.5 0.819635
94.7 0.819279
94.8 0.8191
95 0.818741
95.1 0.818596
95.3 0.818286
95.4 0.818114
95.6 0.817658
95.7 0.81751
95.9 0.817309
96.1 0.817249
96.2 0.817178
96.4 0.816913
96.5 0.816836
96.7 0.816717
96.8 0.816781
97 0.816943
97.1 0.81702
97.3 0.817046
97.5 0.817124
97.6 0.817159
97.8 0.817207
97.9 0.817339
98.1 0.81744
98.2 0.817307
98.4 0.817171
98.6 0.817393
98.7 0.817429
98.9 0.816978
99 0.816702
99.2 0.816435
99.4 0.815684
99.5 0.815089
99.7 0.81306
99.8 0.811678
100 0.810849
200 0.694476
300 0.632013
400 0.58515
500 0.547959
600 0.517255
700 0.491548
800 0.469251
900 0.449846
1000 0.432858
1100 0.417448
1200 0.403791
1300 0.391326
1400 0.380187
1500 0.369814
1600 0.36033
1700 0.351657
1800 0.343682
1900 0.33597
2000 0.328678
2100 0.322146
2200 0.315881
2300 0.309949
2400 0.304333
2500 0.299175
2600 0.294146
2700 0.289331
2800 0.284886
2900 0.280627
3000 0.276735
3100 0.272868
3200 0.269078
3300 0.265334
3400 0.262069
3500 0.259093
3600 0.256137
3700 0.25327
3800 0.250336
3900 0.247448
4000 0.244634
4100 0.242049
4200 0.239372
4300 0.236783
4400 0.234359
4500 0.232087
4600 0.229925
4700 0.227815
4800 0.225632
4900 0.223534
5000 0.22152
5100 0.219528
5200 0.217772
5300 0.216047
5400 0.214238
5500 0.212521
5600 0.210927
5700 0.209228
5800 0.207437
5900 0.20592
6000 0.20429
6100 0.20272
6200 0.201204
6300 0.199789
6400 0.198328
6500 0.197043
6600 0.195508
6700 0.194026
6800 0.192667
6900 0.191442
7000 0.190257
7100 0.188821
7200 0.187546
7300 0.186484
7400 0.185248
7500 0.184051
7600 0.182663
7700 0.181547
7800 0.18048
7900 0.179519
8000 0.178515
8100 0.177496
8200 0.176499
8300 0.175528
8400 0.174549
8500 0.173609
8600 0.172634
8700 0.171708
8800 0.170855
8900 0.169976
9000 0.169171
9100 0.168188
9200 0.16721
9300 0.166485
9400 0.165681
9500 0.165078
9600 0.164284
9700 0.163612
9800 0.16292
9900 0.162245
10000 0.161637
10100 0.160988
10200 0.160151
10300 0.159368
10400 0.158531
10500 0.157633
10600 0.156551
10700 0.15589
10800 0.155201
10900 0.154396
11000 0.153647
11100 0.152928
11200 0.152179
11300 0.151515
11400 0.150687
11500 0.150078
11600 0.149636
11700 0.148798
11800 0.148084
11900 0.147429
12000 0.146677
12100 0.146022
12200 0.145278
12300 0.144527
12400 0.143855
12500 0.143294
12600 0.142768
12700 0.142259
12800 0.141607
12900 0.141018
13000 0.140278
13100 0.1396
13200 0.139131
13300 0.138665
13400 0.13782
13500 0.137375
13600 0.136749
13700 0.136308
13800 0.13567
13900 0.135359
14000 0.134758
14100 0.134449
14200 0.133913
14300 0.133568
14400 0.133092
14500 0.132725
14600 0.13236
14700 0.131827
14800 0.131262
14900 0.130683
15000 0.130224
15100 0.129777
15200 0.129372
15300 0.128711
15400 0.128172
15500 0.127742
15600 0.127188
15700 0.126819
15800 0.126322
15900 0.125731
16000 0.125133
16100 0.124629
16200 0.124235
16300 0.123813
16400 0.123453
16500 0.122936
16600 0.122368
16700 0.121799
16800 0.121251
16900 0.120632
17000 0.119983
17100 0.119723
17200 0.119318
17300 0.118861
17400 0.118362
17500 0.11817
17600 0.11772
17700 0.117235
17800 0.116707
17900 0.116041
18000 0.115577
18100 0.115022
18200 0.114439
18300 0.114015
18400 0.113731
18500 0.113304
18600 0.112776
18700 0.11246
18800 0.112229
18900 0.111856
19000 0.111444
19100 0.111146
19200 0.110638
19300 0.110362
19400 0.109926
19500 0.109595
19600 0.109065
19700 0.108615
19800 0.108148
19900 0.107666
20000 0.107047
20100 0.106745
20200 0.106385
20300 0.106183
20400 0.105912
20500 0.105766
20600 0.105456
20700 0.105141
20800 0.104891
20900 0.104431
21000 0.103918
21100 0.103587
21200 0.103348
21300 0.10291
21400 0.102762
21500 0.102432
21600 0.102103
21700 0.101654
21800 0.101355
21900 0.101
22000 0.100653
22100 0.100315
22200 0.099831
22300 0.0994202
22400 0.0993435
22500 0.0990685
22600 0.0989248
22700 0.0985681
22800 0.0981489
22900 0.097949
23000 0.0975146
23100 0.0973999
23200 0.0971794
23300 0.0970362
23400 0.0968097
23500 0.0965717
23600 0.0960608
23700 0.0955153
23800 0.0950325
23900 0.0945279
24000 0.0939956
24100 0.0935096
24200 0.0931194
24300 0.0927894
24400 0.0924141
24500 0.0921283
24600 0.0919075
24700 0.0916472
24800 0.0913815
24900 0.0911236
25000 0.0905821
25100 0.0901729
25200 0.0899178
25300 0.0896638
25400 0.0894621
25500 0.0893038
25600 0.0888963
25700 0.0885654
25800 0.0881899
25900 0.08773
26000 0.087365
26100 0.0870778
26200 0.0866382
26300 0.0861166
26400 0.0857161
26500 0.0852938
26600 0.0849793
26700 0.0846469
26800 0.0846145
26900 0.0844207
27000 0.0841284
27100 0.0837099
27200 0.0832318
27300 0.0830339
27400 0.0827388
27500 0.0822971
27600 0.0820793
27700 0.0819156
27800 0.0816584
27900 0.0813619
28000 0.0811154
28100 0.0809392
28200 0.0804925
28300 0.0801772
28400 0.079919
28500 0.0799096
28600 0.0798678
28700 0.0795757
28800 0.0793778
28900 0.0791572
29000 0.0790858
29100 0.0788409
29200 0.0785697
29300 0.0785324
29400 0.0781309
29500 0.0778826
29600 0.0776973
29700 0.077437
29800 0.0773489
29900 0.0772199
30000 0.0770572
30100 0.0766328
30200 0.0763073
30300 0.0762111
30400 0.0758737
30500 0.0756538
30600 0.0752569
30700 0.074913
30800 0.0746871
30900 0.0743513
31000 0.0740592
31100 0.0737824
31200 0.073436
31300 0.0732839
31400 0.0729639
31500 0.0727554
31600 0.0724996
31700 0.0724519
31800 0.072165
31900 0.0719501
32000 0.0717604
32100 0.0713837
32200 0.0711125
32300 0.0709756
32400 0.0707423
32500 0.0706616
32600 0.0705815
32700 0.0705739
32800 0.0705401
32900 0.0703221
33000 0.0703086
33100 0.0701694
33200 0.0699871
33300 0.0697391
33400 0.0695431
33500 0.0692049
33600 0.0690549
33700 0.0686688
33800 0.0685196
33900 0.0683421
34000 0.068062
34100 0.0677048
34200 0.0676395
34300 0.0676448
34400 0.0676283
34500 0.0673463
34600 0.0670218
34700 0.0666941
34800 0.0665733
34900 0.0663234
35000 0.0658534
35100 0.0657773
35200 0.0658522
35300 0.0656056
35400 0.0654419
35500 0.0651638
35600 0.065063
35700 0.0648605
35800 0.0645691
35900 0.0644864
36000 0.0643378
36100 0.064009
36200 0.0636656
36300 0.0634692
36400 0.0633725
36500 0.0630999
36600 0.0629922
36700 0.062717
36800 0.0625232
36900 0.0624232
37000 0.0623954
37100 0.0621126
37200 0.061988
37300 0.0618241
37400 0.0616453
37500 0.0615052
37600 0.0612279
37700 0.0608982
37800 0.060805
37900 0.060736
38000 0.0606853
38100 0.0605493
38200 0.0605499
38300 0.0603563
38400 0.0602097
38500 0.0599438
38600 0.0598306
38700 0.0594724
38800 0.0592742
38900 0.0590214
39000 0.0589256
39100 0.0586944
39200 0.0585349
39300 0.0582746
39400 0.0581651
39500 0.0580524
39600 0.0577898
39700 0.057603
39800 0.0575191
39900 0.0571641
40000 0.0570148
40100 0.0568613
40200 0.0565238
40300 0.0563879
40400 0.0564254
40500 0.0562277
40600 0.0561099
40700 0.055728
40800 0.0554537
40900 0.0553549
41000 0.0552404
41100 0.0552327
41200 0.0552936
41300 0.0551043
41400 0.0551594
41500 0.0549693
41600 0.0547628
41700 0.0544578
41800 0.0544351
41900 0.0543111
42000 0.0542635
42100 0.0541498
42200 0.0538737
42300 0.053567
42400 0.0532374
42500 0.052846
42600 0.0527143
42700 0.0524664
42800 0.0522617
42900 0.0520435
43000 0.0519749
43100 0.0516267
43200 0.0514197
43300 0.0511117
43400 0.0508882
43500 0.050749
43600 0.0508695
43700 0.0507832
43800 0.0504768
43900 0.0501563
44000 0.0498777
44100 0.0497336
44200 0.0495223
44300 0.0491282
44400 0.0489192
44500 0.0487146
44600 0.0485677
44700 0.0482211
44800 0.0480674
44900 0.0478091
45000 0.0476352
45100 0.0475004
45200 0.0472869
45300 0.0470633
45400 0.0467818
45500 0.0465694
45600 0.0462353
45700 0.0460154
45800 0.0460315
45900 0.0456679
46000 0.0453516
46100 0.0452148
46200 0.044951
46300 0.0448151
46400 0.0444607
46500 0.0440313
46600 0.0439249
46700 0.043871
46800 0.0437115
46900 0.0435152
47000 0.0435414
47100 0.0434136
47200 0.0433256
47300 0.0432654
47400 0.0431213
47500 0.0429723
47600 0.0429074
47700 0.0426429
47800 0.0426104
47900 0.0424743
48000 0.0422992
48100 0.0420162
48200 0.0418081
48300 0.0416194
48400 0.041614
48500 0.0415353
48600 0.0415444
48700 0.0414256
48800 0.0411318
48900 0.041155
49000 0.0408441
49100 0.0405373
49200 0.0404237
49300 0.0402769
49400 0.040201
49500 0.0400773
49600 0.0398809
49700 0.0397007
49800 0.0397257
49900 0.0395679
50000 0.0392058
50100 0.039045
50200 0.0388102
50300 0.0388328
50400 0.0388155
50500 0.0387526
50600 0.0385626
50700 0.0384289
50800 0.0381324
50900 0.0379099
51000 0.0379865
51100 0.037974
51200 0.0378457
51300 0.0377637
51400 0.0377493
51500 0.037714
51600 0.0373704
51700 0.0371429
51800 0.0370784
51900 0.0368405
52000 0.0368077
52100 0.0366206
52200 0.0362072
52300 0.0360833
52400 0.035946
52500 0.0357198
52600 0.0359021
52700 0.0358125
52800 0.0356524
52900 0.035432
53000 0.0352552
53100 0.0350653
53200 0.0349496
53300 0.0347632
53400 0.0344463
53500 0.0341275
53600 0.0338615
53700 0.0335442
53800 0.0333056
53900 0.0329353
54000 0.0326116
54100 0.0325297
54200 0.0323858
54300 0.032249
54400 0.0320272
54500 0.0317882
54600 0.0315482
54700 0.0314245
54800 0.0312652
54900 0.0311446
55000 0.030879
55100 0.0307227
55200 0.0306786
55300 0.0306005
55400 0.0306958
55500 0.0304444
55600 0.0301629
55700 0.0301363
55800 0.0300034
55900 0.029944
56000 0.0296421
56100 0.0295599
56200 0.02933
56300 0.0292396
56400 0.0290116
56500 0.0287091
56600 0.0285024
56700 0.0284747
56800 0.0283085
56900 0.0281378
57000 0.0281465
57100 0.0282925
57200 0.0285354
57300 0.0282746
57400 0.0281218
57500 0.0280851
57600 0.0278289
57700 0.0279004
57800 0.0280125
57900 0.0280491
58000 0.0279183
58100 0.0279416
58200 0.0280815
58300 0.0280553
58400 0.0279007
58500 0.0279045
58600 0.0279611
58700 0.0278787
58800 0.0277392
58900 0.0274462
59000 0.0273966
59100 0.0271894
59200 0.0271632
59300 0.0272195
59400 0.0273353
59500 0.0273231
59600 0.0271031
59700 0.026953
59800 0.0268698
59900 0.026963
60000 0.0267883
60100 0.0266535
60200 0.0266736
60300 0.0264346
60400 0.0263833
60500 0.0263813
60600 0.0263714
60700 0.0260767
60800 0.0255267
60900 0.0252457
61000 0.0250352
61100 0.0248458
61200 0.0245233
61300 0.0244653
61400 0.0242995
61500 0.024547
61600 0.0244167
61700 0.0245768
61800 0.0246159
61900 0.0245971
62000 0.0244404
62100 0.0243321
62200 0.0241943
62300 0.0239824
62400 0.0238167
62500 0.0236529
62700 0.0231183
62800 0.0230476
62900 0.0230075
63000 0.0229926
63100 0.0231088
63200 0.023179
63300 0.0230691
63400 0.0231623
63500 0.023136
63600 0.0232745
63700 0.0230915
63800 0.0230891
63900 0.023061
64000 0.0230772
64100 0.0228036
64200 0.0225758
64300 0.0224923
64400 0.0225423
64500 0.0224848
64600 0.0225109
64700 0.0225262
64800 0.0223637
64900 0.0222921
65000 0.0222972
65100 0.0222007
65200 0.022086
65300 0.0219371
65400 0.0218118
65500 0.0217634
65600 0.0215479
65800 0.0215966
65900 0.0214703
66000 0.0214679
66100 0.0213843
66200 0.0211773
66300 0.0209297
66400 0.0208036
66500 0.0207291
66600 0.020592
66700 0.0205387
66800 0.0205544
66900 0.0204743
67000 0.0205259
67100 0.0204782
67300 0.020434
67400 0.0205449
67500 0.0204925
67600 0.0204347
67700 0.0201781
67800 0.0200253
67900 0.0198607
68000 0.0198552
68100 0.0198356
68200 0.019762
68300 0.0196747
68500 0.0195647
68600 0.0194755
68700 0.0193033
68800 0.0194214
68900 0.0194142
69000 0.0193106
69100 0.0193758
69200 0.0195076
69300 0.0194561
69500 0.0195695
69600 0.0195178
69700 0.019204
69800 0.0190513
69900 0.0189173
70000 0.0187226
70100 0.0185398
70200 0.0185651
70400 0.018482
70500 0.0183113
70600 0.0182902
70700 0.0182873
70800 0.0183333
70900 0.0181753
71000 0.0181413
71200 0.0179765
71300 0.0177825
71400 0.0176733
71500 0.0175534
71600 0.0174921
71700 0.0175714
71800 0.0176497
72000 0.0173179
72100 0.0173499
72200 0.0171751
72300 0.016988
72400 0.0169458
72500 0.017193
72700 0.0168779
72800 0.0169123
72900 0.0167936
73000 0.0167055
73100 0.0165636
73200 0.0165319
73400 0.0161568
73500 0.015993
73600 0.0159499
73700 0.0158162
73800 0.0156153
74000 0.0155811
74100 0.0156208
74200 0.0155154
74300 0.0153753
74400 0.0149793
74600 0.0147702
74700 0.0146251
74800 0.0146859
74900 0.0147454
75000 0.0146281
75200 0.0145044
75300 0.0142896
75400 0.0142822
75500 0.0142966
75600 0.0141172
75800 0.0140829
75900 0.0140058
76000 0.0142137
76100 0.0140926
76300 0.013821
76400 0.0137922
76500 0.0138018
76600 0.0137831
76700 0.0137809
76900 0.0139913
77000 0.0139356
77100 0.0139357
77200 0.0138706
77400 0.0137102
77500 0.0138367
77600 0.0138564
77700 0.0138747
77900 0.0139361
78000 0.0139489
78100 0.0138243
78200 0.0136455
78400 0.0136323
78500 0.0134643
78600 0.0135219
78800 0.0133624
78900 0.0135657
79000 0.0136479
79100 0.0135111
79300 0.0133564
79400 0.0132491
79500 0.0128804
79600 0.0127746
79800 0.0126067
79900 0.0123715
80000 0.0123923
80200 0.0122975
80300 0.0123722
80400 0.0124838
80500 0.0125749
80700 0.0126281
80800 0.0125341
80900 0.0125257
81100 0.0128188
81200 0.0128579
81300 0.0130055
81500 0.0133881
81600 0.013303
81700 0.0133109
81900 0.013142
82000 0.0129701
82100 0.0128858
82300 0.0125452
82400 0.0123637
82500 0.0123525
82700 0.0123674
82800 0.0119384
82900 0.0117603
83100 0.0114976
83200 0.0113625
83300 0.0113335
83500 0.0113398
83600 0.0111887
83700 0.0111221
83900 0.0108336
84000 0.0108072
84100 0.0105636
84300 0.010462
84400 0.0103824
84500 0.0105494
84700 0.0106058
84800 0.0105222
84900 0.0104907
85100 0.0105351
85200 0.0104636
85400 0.0106435
85500 0.0106965
85600 0.0107925
85800 0.0107032
85900 0.0106033
86000 0.0107483
86200 0.0107232
86300 0.0106988
86500 0.010433
86600 0.0103367
86700 0.0101853
86900 0.0101697
87000 0.0100824
87200 0.0100526
87300 0.00989373
87400 0.00990181
87600 0.00998562
87700 0.0101999
87900 0.0100885
88000 0.00995373
88200 0.0100532
88300 0.0101709
88400 0.0101531
88600 0.00984433
88700 0.00971579
88900 0.00961852
89000 0.00954359
89200 0.00939753
89300 0.00926889
89400 0.00918562
89600 0.00898738
89700 0.00902562
89900 0.00886615
90000 0.00897354
90200 0.00929603
90300 0.00929891
90500 0.00912827
90600 0.00905313
90700 0.00876577
90900 0.00906114
91000 0.0090689
91200 0.00894008
91300 0.00887278
91500 0.00889995
91600 0.00901666
91800 0.0086579
91900 0.00858215
92100 0.00859033
92200 0.00851109
92400 0.00844547
92500 0.00820154
92700 0.00810163
92800 0.0081246
93000 0.00818385
93100 0.00801154
93300 0.00785712
93400 0.00773239
93600 0.00757499
93700 0.0074728
93900 0.00713471
94000 0.00703736
94200 0.00646492
94300 0.00651772
94500 0.00646977
94600 0.00640088
94800 0.006447
94900 0.00670369
95100 0.00642862
95200 0.00659394
95400 0.0069999
95500 0.00720335
95700 0.00734484
95900 0.00717069
96000 0.00708717
96200 0.00735867
96300 0.00727986
96500 0.00714835
96600 0.00728132
96800 0.00714361
96900 0.00710637
97100 0.0072571
97300 0.00708811
97400 0.00713614
97600 0.00758708
97700 0.00763277
97900 0.00772383
98000 0.00792293
98200 0.00787441
98400 0.00802215
98500 0.00806387
98700 0.0082944
98800 0.00829597
99000 0.00815211
99200 0.00834517
99300 0.00813286
99500 0.0078534
99600 0.00783833
99800 0.00742921
100000 0.00727375
100100 0.00720701
100300 0.00699137
100400 0.00693609
100600 0.00671138
100800 0.00696611
100900 0.00688235
101100 0.00710907
101300 0.00690614
101400 0.00688621
101600 0.00667797
101700 0.0064701
101900 0.00624241
102100 0.00592149
102200 0.00575745
102400 0.0055555
102600 0.00556737
102700 0.00543844
102900 0.00555314
103100 0.00561442
103200 0.00557618
103400 0.0053846
103600 0.00533453
103700 0.00524794
103900 0.00530709
104100 0.00515502
104200 0.00518615
104400 0.00538317
104600 0.00552421
104700 0.005648
104900 0.00563812
105100 0.00552521
105200 0.00540168
105400 0.00521033
105600 0.00518565
105800 0.00487463
105900 0.00480258
106100 0.00481101
106300 0.00464199
106400 0.0046022
106600 0.00445218
106800 0.00434988
107000 0.00413133
107100 0.00429447
107300 0.00429478
107500 0.00406811
107600 0.00398192
107800 0.00428342
108000 0.00436146
108200 0.00410128
108300 0.00390994
108500 0.00381652
108700 0.00375225
108900 0.00367965
109000 0.00356355
109200 0.0034869
109400 0.00344777
109600 0.00396093
109700 0.00401747
109900 0.0041261
110100 0.00401238
110300 0.00397105
110500 0.00399066
110600 0.00397153
110800 0.00371437
111000 0.00382354
111200 0.0036744
111400 0.00357045
111500 0.00353253
111700 0.00355296
111900 0.00304444
112100 0.0030283
112300 0.00284704
112400 0.00267237
112600 0.00261133
112800 0.00277689
113000 0.00293413
113200 0.00287249
113300 0.00273908
113500 0.00258114
113700 0.00240753
113900 0.00226881
114100 0.00196688
114300 0.00192887
114400 0.0020016
114600 0.00211437
114800 0.00207372
115000 0.00146199
115200 0.00146966
115400 0.00140109
115600 0.00139139
115700 0.00110556
115900 0.000946265
116100 0.00115189
116300 0.00127779
116500 0.00106606
116700 0.00108657
116900 0.00125765
117100 0.00085486
117200 0.000715176
117400 0.00059605
117600 0.000622969
117800 0.000189692
118000 3.23948e-05
118200 -6.05855e-05
118400 0.000117101
118600 0.000195133
118800 0.00017928
119000 0.000577137
119100 0.000708525
119300 0.000880835
119500 0.00114917
119700 0.00126801
119900 0.0010041
120100 0.000937117
120300 0.00107172
120500 0.00110828
120700 0.00108711
120900 0.00108147
121100 0.00103588
121300 0.000851891
121500 0.000836907
121700 0.000651519
121900 0.000579074
122100 0.000561945
122300 0.000609294
122500 0.000403647
122700 0.000398292
122900 0.000330881
123100 0.000333238
123200 0.000350693
123400 -4.79603e-05
123600 -0.000362362
123800 -0.000516315
124000 -0.000610126
124200 -0.000552535
124400 -0.000470062
124600 -0.000127695
124800 3.03505e-05
125000 -6.40726e-05
125300 -0.000178929
125500 -0.000593615
125700 -0.000518896
125900 -0.000316895
126100 -0.000201836
126300 -4.63509e-05
126500 -1.52496e-05
126700 -1.10549e-05
126900 0.000131165
127100 0.000249229
127300 0.000365078
127500 0.000278669
127700 0.000774434
127900 0.000795352
128100 0.000991504
128300 0.000950378
128500 0.00108321
128700 0.00107065
128900 0.000814227
129100 0.00104612
129400 0.00136263
129600 0.00132101
129800 0.00124875
130000 0.00154653
130200 0.00124158
130400 0.00124304
130600 0.00117057
130800 0.00109189
131000 0.00140358
131200 0.00129554
131500 0.00164386
131700 0.00158444
131900 0.00125133
132100 0.00115605
132300 0.000773143
132500 0.000800303
132700 0.000811491
132900 0.000734967
133200 0.000623293
133400 0.000648798
133600 0.000460714
133800 0.000293501
134000 -7.75867e-05
134200 -8.53379e-05
134500 -0.000280202
134700 -0.000315945
134900 -0.000319647
135100 -0.000345846
135300 -0.000469626
135500 -0.000326238
135800 -0.000637881
136000 -0.000172841
136200 -0.000198059
136400 -0.000376046
136600 -0.000502135
136900 -0.000391619
137100 -0.000288432
137300 4.27803e-05
137500 0.000304333
137700 0.000217983
138000 0.000480569
138200 0.000317969
138400 0.000397852
138600 0.000547161
138900 0.000809062
139100 0.00108267
139300 0.000767819
139500 0.000652793
139800 0.000725147
140000 0.000552147
140200 0.000553055
140400 0.000636718
140700 0.00092405
140900 0.00109737
141100 0.000736825
141300 0.00063233
141600 0.000552623
141800 0.000647814
142000 0.000520434
142300 0.000447348
142500 0.000540223
142700 0.000477225
142900 0.000493988
143200 0.00041078
143400 0.000111919
143600 0.000141918
143900 -0.000254687
144100 -0.0001502
144300 -4.86876e-05
144600 1.26477e-05
144800 0.000244808
145000 0.000251019
145300 0.000472712
145500 0.000590904
145700 0.000559858
146000 0.000453155
146200 0.000585821
146400 0.000860205
146700 0.000479407
146900 0.000845298
147200 0.000849089
147400 0.000795861
147600 0.000861813
147900 0.00068716
148100 0.000577353
148300 0.000636897
148600 0.000725533
148800 0.000484378
149100 0.000408492
149300 0.000208369
149500 0.000205825
149800 0.000348585
150000 0.000444997
150300 0.000477195
150500 0.000945065
150800 0.00118075
151000 0.00149277
151200 0.00108828
151500 0.00125326
151700 0.00152957
152000 0.0015876
152200 0.00174542
152500 0.00169851
152700 0.00184453
153000 0.00165364
153200 0.00150861
153400 0.00143264
153700 0.00116781
153900 0.00101922
154200 0.000971916
154400 0.0010427
154700 0.00141558
154900 0.00142115
155200 0.0018064
155400 0.00189062
155700 0.00164515
155900 0.00154823
156200 0.00165905
156400 0.00115919
156700 0.00101028
156900 0.001121
157200 0.000770561
157500 0.00111599
157700 0.00149652
158000 0.00154474
158200 0.00162315
158500 0.00177133
158700 0.00153282
159000 0.00165462
159200 0.00155465
159500 0.00158822
159800 0.00163204
160000 0.0018401
160300 0.00177142
160500 0.00169776
160800 0.00184102
161000 0.00136262
161300 0.00119187
161600 0.00115177
161800 0.00109279
162100 0.000834747
162400 0.000649247
162600 0.000575437
162900 0.000799576
163100 0.00100238
163400 0.000968279
163700 0.00112001
163900 0.000993153
164200 0.000869317
164500 0.000831471
164700 0.000704312
165000 0.000938121
165300 0.000423635
165500 -0.000206512
165800 -0.000603553
166100 -0.00104438
166300 -0.000844466
166600 -0.000628571
166900 -0.00037509
167100 4.89194e-05
167400 -0.000215054
167700 -0.000586593
167900 -0.000805914
168200 -0.000535577
168500 -0.000530362
168800 -0.000704393
169000 -0.000441645
169300 -0.000195306
169600 -2.29817e-05
169800 9.24761e-05
170100 0.000818664
170400 0.000818358
170700 0.00111749
170900 0.000899211
171200 0.000536151
171500 0.000324478
171800 -4.52073e-05
172000 -0.000239865
172300 -0.000534169
172600 -0.000555488
172900 -0.000648094
173200 -0.000775147
173400 -0.000813115
173700 -0.000674792
174000 -0.000344238
174300 -0.000389783
174600 -0.00059453
174800 -0.000387558
175100 -0.000609346
175400 -0.000385202
175700 -0.000492786
176000 -0.000870167
176300 -0.00123544
176500 -0.00118952
176800 -0.00116484
177100 -0.00128275
177400 -0.00171883
177700 -0.00130987
178000 -0.00127403
178300 -0.00105297
178500 -0.00121767
178800 -0.00161895
179100 -0.00124746
179400 -0.00100452
179700 -0.000928581
180000 -0.000930263
180300 -0.0010039
180600 -0.000736376
180900 -0.000651559
181200 -0.00125641
181400 -0.00136891
181700 -0.00176843
182000 -0.00196182
182300 -0.00164753
182600 -0.00151583
182900 -0.00177874
183200 -0.00236925
183500 -0.00228836
183800 -0.00230054
184100 -0.00225774
184400 -0.00176745
184700 -0.00190336
185000 -0.00196071
185300 -0.00163976
185600 -0.0017067
185900 -0.00155677
186200 -0.00152309
186500 -0.00110315
186800 -0.00106319
187100 -0.00125362
187400 -0.0011943
187700 -0.000951812
188000 -0.00121608
188300 -0.00142805
188600 -0.000975718
188900 -0.000894734
189200 -0.000544572
189500 -0.000265212
189800 -0.000351932
190100 -0.00043984
190400 -0.00121145
190700 -0.00176372
191000 -0.00188664
191400 -0.00186317
191700 -0.00187264
192000 -0.00177316
192300 -0.00208254
192600 -0.00252035
192900 -0.00223882
193200 -0.00203454
193500 -0.00204927
193800 -0.00211531
194200 -0.00233709
194500 -0.00242414
194800 -0.00262368
195100 -0.00288111
195400 -0.00275486
195700 -0.00273473
196000 -0.00269643
196400 -0.00304933
196700 -0.00301463
197000 -0.00275124
197300 -0.00267641
197600 -0.00262857
197900 -0.00239382
198300 -0.00211958
198600 -0.00264799
198900 -0.00289177
199200 -0.00276993
199500 -0.00262574
199900 -0.00248461
200200 -0.00251202
200500 -0.00283469
200800 -0.0026228
201200 -0.0028437
201500 -0.00277187
201800 -0.0028434
202100 -0.003326
202500 -0.00319949
202800 -0.0030517
203100 -0.00297089
203400 -0.00291345
203800 -0.00294139
204100 -0.00247836
204400 -0.00249894
204800 -0.00228406
205100 -0.00185015
205400 -0.00137599
205700 -0.00146293
206100 -0.00144465
206400 -0.00120539
206700 -0.00118612
207100 -0.00110764
207400 -0.00126577
207700 -0.00137406
208100 -0.00103913
208400 -0.00108639
208800 -0.00145385
209100 -0.00160058
209400 -0.00162919
209800 -0.00144053
210100 -0.00121316
210400 -0.00111464
210800 -0.000789173
211100 -0.000981728
211500 -0.000931014
211800 -0.00115273
212100 -0.000969109
212500 -0.000780057
212800 -0.000467692
213200 -0.000586003
213500 -0.000734199
213900 -0.000949261
214200 -0.000774411
214600 -0.00067429
214900 -0.000406449
215200 -0.000915028
215600 -0.00125226
215900 -0.0013684
216300 -0.0017378
216600 -0.00196024
217000 -0.00184179
217300 -0.00122205
217700 -0.00113807
218000 -0.00100145
218400 -0.000565252
218700 -0.000520125
219100 -0.000399753
219400 -0.000186631
219800 -0.00038542
220200 -0.00047727
220500 -0.00034746
220900 -0.000363947
221200 -0.000274775
221600 -3.81238e-05
221900 4.85232e-05
222300 -8.36787e-05
222700 -0.000363123
223000 -0.000395914
223400 -0.000264159
223700 -0.000142637
224100 -0.000280874
224500 -0.000119927
224800 -0.000137008
225200 -5.66009e-05
225500 -0.000289174
225900 -0.000233563
226300 -0.000169157
226600 -0.000289002
227000 -0.000367726
227400 0.000277244
227700 0.000405171
228100 0.00032267
228500 -0.000233407
228800 5.50674e-05
229200 0.000308782
229600 0.00027082
229900 -0.000133045
230300 -0.000598582
230700 -0.000511283
231100 -0.000726169
231400 -0.00111361
231800 -0.00152715
232200 -0.00152991
232600 -0.0013562
232900 -0.00138911
233300 -0.00156443
233700 -0.00112667
234100 -0.000784699
234400 -0.000645605
234800 -0.000308533
235200 -0.000585546
235600 -0.000504887
236000 -0.000422803
236300 -0.000344225
236700 -0.000486221
237100 -0.000301992
237500 -0.000516123
237900 -0.000781454
238200 -0.00065392
238600 -0.000312435
239000 -0.000112601
239400 -0.000348009
239800 -0.000600724
240200 -0.00100044
240600 -0.000826856
241000 -0.000747674
241300 -0.000585271
241700 -0.000610117
242100 -0.000529528
242500 -0.000319611
242900 -0.000378227
243300 -3.94316e-05
243700 2.28582e-05
244100 -0.000342297
244500 0.00026545
244900 0.000612237
245300 0.000562021
245700 0.000663723
246100 0.000160278
246400 0.000265768
246800 4.45777e-05
247200 8.51016e-05
247600 0.000570273
248000 0.000353478
248400 6.03967e-05
248800 0.000495957
249200 0.000287443
249600 0.00029483
250000 0.000459618
250500 0.000446952
250900 0.000838602
251300 0.000906406
251700 0.000816329
252100 0.000763803
252500 0.00110972
252900 0.00108986
253300 0.00132553
253700 0.00119088
254100 0.00091302
254500 0.000957389
254900 0.000974161
255300 0.00145299
255800 0.00113757
256200 0.00115966
256600 0.00112696
257000 0.00106396
257400 0.000813793
257800 0.000670071
258200 0.000487874
258700 0.000343703
259100 0.000309005
259500 0.00106153
259900 0.000774686
260300 0.00112727
260800 0.000545499
261200 0.000470654
261600 0.000760938
262000 0.000431579
262400 0.000143297
262900 0.000289304
263300 3.24893e-05
263700 -0.000182664
264100 -0.000356618
264600 -0.000476881
265000 -0.000361405
265400 -0.00030299
265800 -0.000293324
266300 -0.000256343
266700 -0.000569743
267100 -0.000411268
267600 2.64936e-05
268000 0.000179849
268400 -0.000453621
268900 -0.000174925
269300 3.45674e-05
269700 -0.000379938
270200 -0.000450722
270600 -0.000753019
271000 -0.000483954
271500 -0.000419904
271900 -0.000446919
272300 -0.00100509
272800 -0.00107822
273200 -0.00142299
273700 -0.00133768
274100 -0.000999171
274600 -0.0010879
275000 -0.000667763
275400 -0.00032292
275900 4.41951e-05
276300 -0.000165686
276800 -6.5367e-06
277200 -0.000403416
277700 -0.000156735
278100 -0.000582949
278600 -0.00108219
279000 -0.000546291
279500 -0.00080593
279900 -0.00140023
280400 -0.00154605
280800 -0.00153435
281300 -0.00128278
281700 -0.00129854
282200 -0.000660814
282600 -0.000156836
283100 -0.000465254
283500 -0.000480054
284000 -0.000474484
284500 -0.000630996
284900 -0.000655012
285400 -0.000786277
285800 -0.000405548
286300 -0.000459211
286800 0.000184879
287200 -6.90788e-05
287700 0.000209998
288200 0.000723214
288600 0.000706555
289100 0.000516475
289500 -0.000452101
290000 -0.000487593
290500 -0.000539011
291000 -0.0013688
291400 -0.0012094
291900 -0.00180735
292400 -0.00207868
292800 -0.00197781
293300 -0.00208467
293800 -0.00214491
294300 -0.00178841
294700 -0.00140079
295200 -0.00178448
295700 -0.00206196
296200 -0.00234827
296600 -0.00226135
297100 -0.00194738
297600 -0.00203314
298100 -0.00222419
298600 -0.00148138
299000 -0.00158336
299500 -0.00142578
300000 -0.000687857
300500 0.000126087
301000 0.000418517
301500 0.000261012
301900 -7.55998e-05
302400 0.000193098
302900 0.000437619
303400 -0.000279859
303900 -0.00053698
304400 -0.00039471
304900 -0.000593452
305400 -0.000446866
305900 -0.000474205
306400 -9.55092e-05
306800 -0.00029084
307300 -0.000285121
307800 -0.000660323
308300 -0.000680731
308800 -0.00100661
309300 -0.000715402
309800 -0.00023319
310300 -0.000243088
310800 1.45468e-05
311300 -1.63033e-05
311800 -0.000179811
312300 -0.000531749
312800 -0.00100329
313300 -0.00167199
313800 -0.00207212
314400 -0.00224089
314900 -0.00231623
315400 -0.00189863
315900 -0.00217584
316400 -0.00236226
316900 -0.00212444
317400 -0.00177419
317900 -0.00136532
318400 -0.00150901
318900 -0.000362417
319500 -0.000292414
320000 -0.000104942
320500 -0.000527288
321000 -0.00154729
321500 -0.00198211
322000 -0.00154329
322600 -0.0013988
323100 -0.00123413
323600 -0.000855389
324100 -0.000565089
324700 -0.000638174
325200 -0.000541585
325700 -0.000482091
326200 -0.000720079
326800 -0.000482313
327300 -0.000793318
327800 -0.00023584
328300 -0.000549758
328900 -0.000298194
329400 -0.000663159
329900 -0.000600967
330500 -0.000817233
331000 -0.00111127
331500 -0.000822162
332100 -0.000946373
332600 -0.00147783
333100 -0.00147699
333700 -0.00119957
334200 -0.00128241
334700 -0.00135992
335300 -0.000971462
335800 -0.000653056
336400 -0.000497961
336900 -0.000249857
337500 2.75161e-05
338000 -0.000369492
338500 -0.000480934
339100 -9.15795e-06
339600 -7.12144e-05
340200 -0.000160016
340700 0.000328508
341300 0.000143328
341800 -4.39544e-05
342400 -0.000779597
342900 -0.00112797
343500 -0.00175102
344000 -0.0016601
344600 -0.00237845
345200 -0.00224359
345700 -0.00248943
346300 -0.00240808
346800 -0.00249552
347400 -0.00234285
347900 -0.00204319
348500 -0.0026262
349100 -0.00298667
349600 -0.00288011
350200 -0.00333422
350800 -0.00321504
351300 -0.00287193
351900 -0.00313654
352500 -0.00230197
353000 -0.00243285
353600 -0.00334738
354200 -0.00400859
354700 -0.00374537
355300 -0.00398379
355900 -0.00430362
356500 -0.00434331
357000 -0.00419944
357600 -0.00285308
358200 -0.00360324
358800 -0.00405792
359300 -0.00447414
359900 -0.00421702
360500 -0.00391889
361100 -0.00386862
361700 -0.00437032
362300 -0.0037554
362800 -0.00377764
363400 -0.00392659
364000 -0.0031031
364600 -0.00273881
365200 -0.0019794
365800 -0.001681
366400 -0.00175392
367000 -0.00212748
367500 -0.00189
368100 -0.00180634
368700 -0.00137845
369300 -0.00185212
369900 -0.00178283
370500 -0.00184803
371100 -0.00298164
371700 -0.00276966
372300 -0.00296321
372900 -0.00274314
373500 -0.00297641
374100 -0.00306827
374700 -0.00291237
375300 -0.00304273
375900 -0.00360894
376500 -0.00354507
377200 -0.00312764
377800 -0.00228162
378400 -0.00228187
379000 -0.00174569
379600 -0.00295178
380200 -0.00290152
380800 -0.00219873
381400 -0.0018774
382000 -0.0021951
382700 -0.00111691
383300 -0.00109051
383900 -0.00159436
384500 -0.00138192
385100 -0.0016559
385800 -0.00167482
386400 -0.00154677
387000 -0.00161212
387600 -0.00129965
388300 -0.000754351
388900 -0.00151157
389500 -0.00155585
390100 -0.00135523
390800 -0.00123229
391400 -0.000776126
392000 -0.000923598
392700 -0.000715969
393300 -0.00091929
393900 -0.00116529
394600 -0.00158246
395200 -0.00153021
395800 -0.00160868
396500 -0.00175468
397100 -0.00182839
397800 -0.00190591
398400 -0.00284579
399000 -0.00212584
399700 -0.00195368
400300 -0.00237993
401000 -0.00249821
401600 -0.00183729
402300 -0.00239192
402900 -0.00176121
403600 -0.00146957
404200 -0.00197728
404900 -0.00243304
405500 -0.00278679
406200 -0.00276375
406800 -0.00364613
407500 -0.00410772
408100 -0.00441964
408800 -0.0043671
409500 -0.00440261
410100 -0.00389856
410800 -0.00482626
411400 -0.00390267
412100 -0.00310293
412800 -0.00257683
413400 -0.00281939
414100 -0.00298791
414800 -0.00347375
415400 -0.00281504
416100 -0.00259456
416800 -0.00182802
417500 -0.00108333
418100 -0.00105686
418800 -0.00137422
419500 -0.00142188
420200 -0.00122977
420800 -0.00136604
421500 -0.00138351
422200 -0.000652606
422900 -0.000371137
423600 -0.000152208
424200 -0.00105072
424900 -0.00123608
425600 -0.00128272
426300 -0.00159147
427000 -0.00169024
427700 -0.00208845
428400 -0.00138974
429100 -0.00113912
429700 -0.00152262
430400 -0.00177703
431100 -0.00188268
431800 -0.0016033
432500 -0.00118436
433200 -0.000577151
433900 -0.00129636
434600 -0.00123842
435300 -0.00100109
436000 -0.001241
436700 -0.000850013
437400 -0.000682776
438100 0.000100677
438800 0.000834682
439600 0.00146063
440300 0.000955282
441000 0.00076351
441700 0.000477953
442400 0.000977625
443100 0.000558461
443800 0.00135843
444500 0.00163556
445300 0.000869581
446000 0.00115418
446700 0.00154028
447400 0.001054
448100 0.00122556
448900 0.00112638
449600 0.00117055
450300 0.00139427
451000 0.000558575
451800 0.000602796
452500 0.000815555
453200 0.000547033
454000 0.00123043
454700 0.00141106
455400 0.00209216
456200 0.00230557
456900 0.00206376
457600 0.00223227
458400 0.00158191
459100 0.00155768
459800 0.00130539
460600 0.000779943
461300 0.00117433
462100 0.0021213
462800 0.00230668
463600 0.00194507
464300 0.00149432
465100 0.00159
465800 0.000432203
466600 0.00101572
467300 0.000576661
468100 4.73734e-05
468800 0.000782247
469600 1.72295e-05
470300 0.000576556
471100 -0.000323959
471900 0.000392141
472600 0.000344002
473400 0.000537478
474100 0.000191832
474900 0.000918317
475700 -5.13133e-05
476400 -0.000195735
477200 0.000267604
478000 -0.000338433
478800 -0.00115533
479500 -0.00095816
480300 -0.00121678
481100 -0.000739693
481900 -0.000169034
482600 -0.0001385
483400 -0.000290894
484200 -0.00104546
485000 -0.00106809
485800 -0.000739743
486500 -0.00171514
487300 -0.0029319
488100 -0.00292477
488900 -0.00245291
489700 -0.00194767
490500 -0.00236411
491300 -0.00183543
492100 -0.00174967
492800 -0.00117361
493600 -0.00158052
494400 -0.00229326
495200 -0.00317835
496000 -0.00305066
496800 -0.00290649
497600 -0.00294579
498400 -0.00300935
499200 -0.00331283
500000 -0.00339037
500900 -0.00444413
501700 -0.00408477
502500 -0.00355635
503300 -0.00274253
504100 -0.00222387
504900 -0.00171967
505700 -0.00160898
506500 -0.000371047
507400 -0.0007135
508200 -0.000758044
509000 -0.000651758
509800 -0.00202445
510600 -0.00163735
511500 -0.000779827
512300 -0.00105195
513100 -0.00109978
513900 -0.00157052
514800 -0.00276257
515600 -0.00243692
516400 -0.00204387
517300 -0.00234923
518100 -0.00259966
518900 -0.00184729
519800 -0.000213457
520600 0.000818115
521500 0.00121607
522300 0.00131657
523100 0.00135487
524000 0.000540366
524800 0.000341537
525700 -0.000916243
526500 -0.000384386
527400 7.47264e-05
528200 -0.000268807
529100 -0.000228116
529900 -0.000334264
530800 -0.00114935
531600 -0.00079917
532500 -4.21701e-05
533400 -1.46667e-05
534200 0.000299859
535100 -0.000305232
535900 -0.000490077
536800 -0.000195342
537700 0.000649477
538500 3.63754e-05
539400 0.000327361
540300 -0.000367591
541100 -0.000185869
542000 -0.000279452
542900 -0.000780612
543800 -0.000559269
544600 -0.000399197
545500 -0.000784571
546400 -0.000547689
547300 -0.0019471
548200 -0.00154386
549100 -0.00155207
549900 -0.00121303
550800 -0.000819292
551700 -0.000893271
552600 8.47765e-05
553500 -0.000853147
554400 -0.00118777
555300 -0.00223427
556200 -0.00210018
557100 -0.000843758
558000 -0.00114955
558900 -0.000865781
559800 -0.00157237
560700 -0.0018829
561600 -0.00119912
562500 -0.00218167
563400 -0.00277311
564300 -0.00214776
565200 -0.00164193
566100 -0.00165247
567000 -0.00140272
568000 -0.00213578
568900 -0.00118373
569800 -0.000977795
570700 -0.000840241
571600 -0.00276437
572600 -0.00204184
573500 -0.00204977
574400 -0.00246936
575300 -0.00113367
576300 -0.00139685
577200 -0.00239172
578100 -0.00270998
579000 -0.00161877
580000 -0.00014513
580900 -0.00206815
581900 -0.0020913
582800 -0.00140545
583700 -0.00207159
584700 -0.00118389
585600 -0.00155745
586600 -0.000895445
587500 -0.000339059
588500 0.000240245
589400 -0.000587178
590400 -0.00109807
591300 -0.00147346
592300 -0.00108098
593200 -0.000903645
594200 -0.000669688
595100 0.000145831
596100 -0.000602566
597100 -2.51484e-05
598000 0.000155861
599000 -0.000417025
599900 0.000341152
600900 5.18374e-05
601900 0.000323746
602900 0.0011347
603800 0.00209107
604800 0.00209109
605800 0.00178846
606800 0.00201308
607700 0.00201637
608700 0.00240592
609700 0.00239751
610700 0.0011198
611700 0.000974216
612700 0.000805526
613600 0.000612106
614600 0.000100929
615600 0.000696353
616600 -3.84029e-05
617600 -4.3564e-05
618600 0.000475927
619600 0.000522998
620600 -0.0010186
621600 -0.00102632
622600 -5.02601e-05
623600 -0.00150266
624600 -0.00141189
625600 -0.00106606
626600 -0.000134397
627600 0.000279328
628700 0.000603201
629700 0.000651521
630700 0.000370682
631700 0.00175394
632700 0.00220725
633700 0.00139123
634800 0.00179737
635800 0.00199579
636800 0.00214767
637800 0.00132076
638900 0.00217735
639900 0.00130609
640900 0.00097369
642000 0.00112908
643000 0.00263763
644000 0.00177518
645100 0.00125804
646100 0.00109359
647200 0.0011965
648200 0.000668529
649300 0.00077764
650300 0.00116051
651400 0.0019684
652400 0.000850322
653500 0.00113022
654500 0.000963975
655600 0.000645093
656600 0.00177882
657700 0.00091151
658700 0.000509772
659800 0.000453968
660900 0.000459902
661900 0.00201419
663000 0.00278963
664100 0.00293542
665100 0.002765
666200 0.00276487
667300 0.0027139
668400 0.00261925
669400 0.00299417
670500 0.00261879
671600 0.00242149
672700 0.00386149
673800 0.00378912
674900 0.00403226
676000 0.00401353
677000 0.00297455
678100 0.0024529
679200 0.00434519
680300 0.00479299
681400 0.00592315
682500 0.00529636
683600 0.00541574
684700 0.00512695
685800 0.00617812
686900 0.0049114
688000 0.00422627
689200 0.00242465
690300 0.00261165
691400 0.00297118
692500 0.00507929
693600 0.00383365
694700 0.00384211
695800 0.00297508
697000 0.00225488
698100 0.00273434
699200 0.00324335
700400 0.000799728
701500 -0.000121313
702600 0.000304889
703700 0.00110622
704900 0.000867413
706000 0.00104524
707200 0.00221934
708300 0.00178649
709400 0.00239386
710600 0.00309767
711700 0.00384135
712900 0.00379151
714000 0.00243327
715200 0.00278586
716300 0.00337463
717500 0.0028862
718600 0.00291752
719800 0.0033895
721000 0.00306508
722100 0.00389333
723300 0.00126397
724500 0.00166507
725600 0.00318785
726800 0.00330252
728000 0.00274985
729100 0.00424793
730300 0.00407606
731500 0.00383132
732700 0.00391015
733900 0.00169199
735000 -0.000678369
736200 0.000148257
737400 0.00133067
738600 0.00319683
739800 0.00423865
741000 0.00305746
742200 0.00345607
743400 0.00332604
744600 0.00509323
745800 0.00580729
747000 0.0045475
748200 0.00468375
749400 0.00418394
750600 0.00411031
751800 0.00153772
753000 0.00102853
754300 0.00262783
755500 0.00248169
756700 0.00202642
757900 0.00198635
759100 0.00132423
760400 -0.00015889
761600 -0.000404932
762800 -0.00022822
764000 -1.98993e-06
765300 0.00155645
766500 0.00265812
767700 0.00195041
769000 0.00349791
770200 0.0044106
771500 0.00455774
772700 0.0036916
774000 0.00291262
775200 0.00218233
776500 0.00486009
777700 0.00324187
779000 0.00397043
780200 0.00345902
781500 0.00114148
782700 0.00132484
784000 0.000513395
785300 0.00115595
786500 0.00108669
787800 -0.00155598
789100 -0.000713294
790300 -0.00137564
791600 -0.00340292
792900 -0.00467111
794200 -0.00513029
795500 -0.00813713
796700 -0.00856601
798000 -0.0075518
799300 -0.00799071
800600 -0.00872647
801900 -0.00715028
803200 -0.00493008
804500 -0.00556908
805800 -0.00383671
807100 -0.00376923
808400 -0.00424193
809700 -0.00451238
811000 -0.00340275
812300 -0.00237213
813600 -0.00338543
814900 -0.00337325
816200 -0.00258461
817600 -0.00438317
818900 -0.0038936
820200 -0.00103159
821500 -0.000575055
822800 1.86127e-05
824200 -0.000819899
825500 -0.000548724
826800 -0.00294802
828200 -0.00588667
829500 -0.00535518
830800 -0.00425808
832200 -0.00428933
833500 -0.00363068
834900 -0.00436416
836200 -0.00760681
837600 -0.00415789
838900 -0.00206601
840300 -0.00274497
841600 -0.00318144
843000 -0.00334213
844300 -0.00263353
845700 -0.00391485
847100 -0.00380964
848400 -0.00274753
849800 -0.00345994
851200 -0.00264208
852500 -0.00012233
853900 -0.000344049
855300 0.00158953
856700 0.000143063
858100 -0.000995674
859400 9.4371e-05
860800 0.00049528
862200 0.00267187
863600 0.00383226
865000 0.00418351
866400 0.00171132
867800 0.000998447
869200 -0.000561597
870600 0.0014621
872000 0.00165822
873400 -0.00160413
874800 -0.00117606
876200 -0.00204734
877600 -0.00360016
879100 0.000413891
880500 0.00120152
881900 0.00110756
883300 0.000921077
884700 0.00297249
886200 0.00327631
887600 0.00247675
889000 -0.000908033
890500 -0.00100817
891900 0.000952924
893300 -0.000131509
894800 0.00106886
896200 0.000770512
897700 0.00278807
899100 0.00300323
900600 -0.00155742
902000 -0.00217656
903500 -0.00527456
904900 -0.00302134
906400 -0.0019098
907900 -0.00125374
909300 -0.000615441
910800 -0.000698392
912300 -0.00229519
913700 -0.00488455
915200 -0.00291751
916700 -0.0010929
918200 -0.00190515
919600 -0.00664406
921100 -0.00802509
922600 -0.00811053
924100 -0.00876609
925600 -0.00605217
927100 -0.00589968
928600 -0.00296293
930100 -0.0036417
931600 -0.00670585
933100 -0.00458016
934600 -0.00333412
936100 -0.00230715
937600 -0.000915475
939100 -0.0017636
940600 -0.00209098
942200 -0.00220066
943700 -0.00191213
945200 0.00050583
946700 0.00327324
948200 0.00154466
949800 0.00241759
951300 0.00442294
952800 0.00130048
954400 0.000751614
955900 0.000482609
957500 0.00749875
959000 0.00544595
960600 0.00533608
962100 0.00689499
963700 0.00573811
965200 0.00513822
966800 0.00167884
968300 -0.0010659
969900 -0.00382384
971500 -0.00654434
973000 -0.00733161
974600 -0.00836775
976200 -0.00941664
977700 -0.00189973
979300 -0.00486987
980900 0.00222247
982500 0.00668398
984100 0.0065693
985600 0.00284638
987200 0.00602223
988800 -0.00223671
990400 -0.0100039
992000 -0.00193377
993600 -0.0101011
995200 -0.0152896
996800 -0.0361181
998400 -0.0107855
1e+06 0.0334665
