% q = 2.418
lag_time F_qt
0 1
0.1 0.986176
0.2 0.966333
0.3 0.948814
0.4 0.934023
0.5 0.921041
0.6 0.909428
0.7 0.898836
0.8 0.88902
0.9 0.879854
1 0.871262
1.1 0.863157
1.2 0.855437
1.3 0.848046
1.4 0.840945
1.5 0.834114
1.6 0.827504
1.7 0.821152
1.8 0.814979
1.9 0.808985
2 0.803151
2.1 0.79746
2.2 0.791915
2.3 0.786526
2.4 0.781244
2.5 0.776086
2.6 0.771109
2.7 0.766259
2.8 0.761472
2.9 0.756749
3 0.752067
3.1 0.747486
3.2 0.743045
3.3 0.73871
3.4 0.734442
3.5 0.730238
3.6 0.726124
3.7 0.722094
3.8 0.718119
3.9 0.714167
4 0.710336
4.1 0.706662
4.2 0.703022
4.3 0.699396
4.4 0.695796
4.5 0.692257
4.6 0.688833
4.7 0.685447
4.8 0.682129
4.9 0.678885
5 0.67572
5.1 0.672622
5.2 0.669549
5.3 0.66654
5.4 0.663599
5.5 0.660722
5.6 0.657876
5.7 0.655024
5.8 0.652177
5.9 0.649351
6 0.646535
6.1 0.643765
6.2 0.641001
6.3 0.638278
6.4 0.635637
6.5 0.63303
6.6 0.630409
6.7 0.627777
6.8 0.625176
6.9 0.622627
7 0.620097
7.1 0.617561
7.2 0.615088
7.3 0.61264
7.4 0.610237
7.5 0.607852
7.6 0.605459
7.7 0.603056
7.8 0.600684
7.9 0.598338
8 0.596061
8.1 0.593834
8.2 0.591627
8.3 0.58945
8.4 0.587264
8.5 0.585063
8.6 0.582866
8.7 0.580696
8.8 0.578506
8.9 0.576309
9 0.574096
9.1 0.571847
9.2 0.569638
9.3 0.567479
9.4 0.565374
9.5 0.563305
9.6 0.561281
9.7 0.559294
9.8 0.557302
9.9 0.555344
10 0.553408
10.1 0.551523
10.2 0.549678
10.3 0.547855
10.4 0.54605
10.5 0.544248
10.6 0.542398
10.7 0.540492
10.8 0.538569
10.9 0.53662
11 0.534681
11.1 0.532796
11.2 0.530934
11.3 0.529147
11.4 0.527418
11.5 0.525721
11.6 0.524039
11.7 0.5224
11.8 0.520796
11.9 0.519183
12 0.517507
12.1 0.515845
12.2 0.514219
12.3 0.512632
12.4 0.511053
12.5 0.509438
12.6 0.50782
12.7 0.506206
12.8 0.504619
12.9 0.503004
13 0.501312
13.1 0.499576
13.2 0.497837
13.3 0.49612
13.4 0.494406
13.5 0.492701
13.6 0.491045
13.7 0.489454
13.8 0.487887
13.9 0.486294
14 0.484685
14.1 0.483127
14.2 0.481557
14.3 0.47997
14.4 0.478416
14.5 0.476887
14.6 0.475347
14.7 0.473827
14.8 0.47234
14.9 0.470893
15 0.469465
15.1 0.468041
15.2 0.466612
15.3 0.465165
15.4 0.463731
15.5 0.462295
15.6 0.460861
15.7 0.459462
15.8 0.458065
15.9 0.456664
16 0.455248
16.1 0.453801
16.2 0.452311
16.3 0.450843
16.4 0.449465
16.5 0.448151
16.6 0.446854
16.7 0.445615
16.8 0.444408
16.9 0.443128
17 0.441848
17.1 0.440595
17.2 0.439337
17.3 0.438016
17.4 0.436681
17.5 0.435363
17.6 0.434044
17.7 0.432753
17.8 0.43151
17.9 0.430304
18 0.429096
18.1 0.427855
18.2 0.426621
18.3 0.425374
18.4 0.424103
18.5 0.422776
18.6 0.42146
18.7 0.420182
18.8 0.418962
18.9 0.417785
19 0.416653
19.1 0.415576
19.2 0.414517
19.3 0.413479
19.4 0.412436
19.5 0.411405
19.6 0.410407
19.7 0.409421
19.8 0.40839
19.9 0.407354
20 0.406343
20.1 0.405369
20.2 0.404377
20.3 0.40334
20.4 0.402258
20.5 0.401133
20.6 0.399982
20.7 0.39882
20.8 0.397676
20.9 0.396524
21 0.395351
21.1 0.394212
21.2 0.393064
21.3 0.391918
21.4 0.390811
21.5 0.389735
21.6 0.388668
21.7 0.387646
21.8 0.38664
21.9 0.385633
22 0.384608
22.1 0.38357
22.2 0.382582
22.3 0.381651
22.4 0.380717
22.5 0.379772
22.6 0.378865
22.7 0.378052
22.8 0.377268
22.9 0.376472
23 0.375598
23.1 0.37466
23.2 0.373685
23.3 0.372722
23.4 0.371807
23.5 0.370867
23.6 0.369879
23.7 0.368863
23.8 0.367868
23.9 0.36687
24 0.365895
24.1 0.365
24.2 0.364109
24.3 0.363218
24.4 0.362399
24.5 0.361654
24.6 0.360873
24.7 0.360042
24.8 0.359186
24.9 0.358304
25 0.357434
25.1 0.356571
25.2 0.35566
25.3 0.354721
25.4 0.35381
25.5 0.352907
25.6 0.352056
25.7 0.351207
25.8 0.350342
25.9 0.349488
26 0.348659
26.1 0.34786
26.2 0.347028
26.3 0.346145
26.4 0.345239
26.5 0.344381
26.6 0.343576
26.7 0.342784
26.8 0.342
26.9 0.341216
27 0.340483
27.1 0.33977
27.2 0.339128
27.3 0.338503
27.4 0.337865
27.5 0.337161
27.6 0.336385
27.7 0.335586
27.8 0.334831
27.9 0.334061
28 0.333349
28.1 0.332626
28.2 0.331851
28.3 0.331038
28.4 0.33022
28.5 0.329456
28.6 0.328748
28.7 0.328053
28.8 0.327341
28.9 0.326624
29 0.325872
29.1 0.325081
29.2 0.324281
29.3 0.323463
29.4 0.322655
29.5 0.321905
29.6 0.321158
29.7 0.320358
29.8 0.319533
29.9 0.318707
30 0.317806
30.1 0.316826
30.2 0.31586
30.3 0.314967
30.4 0.314137
30.5 0.313335
30.6 0.312543
30.7 0.311757
30.8 0.310962
30.9 0.310185
31 0.309418
31.1 0.308614
31.2 0.307809
31.3 0.307069
31.4 0.306346
31.5 0.305608
31.6 0.304863
31.7 0.304109
31.8 0.303311
31.9 0.302517
32 0.301718
32.1 0.300932
32.2 0.300141
32.3 0.299345
32.4 0.29851
32.5 0.297684
32.6 0.296941
32.7 0.296257
32.8 0.295559
32.9 0.294866
33 0.294167
33.1 0.293431
33.2 0.292665
33.3 0.291846
33.4 0.290981
33.5 0.290097
33.6 0.289298
33.7 0.288543
33.8 0.287876
33.9 0.287235
34 0.286603
34.1 0.285969
34.2 0.285324
34.3 0.284684
34.4 0.284075
34.5 0.283485
34.6 0.282909
34.7 0.282308
34.8 0.281714
34.9 0.281163
35 0.280617
35.1 0.280104
35.2 0.279634
35.3 0.279209
35.4 0.278816
35.5 0.278416
35.6 0.277964
35.7 0.277454
35.8 0.276945
35.9 0.276432
36 0.275903
36.1 0.275391
36.2 0.27496
36.3 0.274618
36.4 0.274265
36.5 0.273856
36.6 0.273431
36.7 0.273024
36.8 0.272612
36.9 0.272226
37 0.271826
37.1 0.271475
37.2 0.271138
37.3 0.270782
37.4 0.270393
37.5 0.269985
37.6 0.269506
37.7 0.26898
37.8 0.268483
37.9 0.267993
38 0.267533
38.1 0.267058
38.2 0.266565
38.3 0.266031
38.4 0.265446
38.5 0.264811
38.6 0.264131
38.7 0.263401
38.8 0.262725
38.9 0.262113
39 0.261516
39.1 0.26091
39.2 0.26029
39.3 0.259693
39.4 0.259169
39.5 0.258724
39.6 0.258298
39.7 0.25793
39.8 0.257548
39.9 0.257075
40 0.256562
40.1 0.25599
40.2 0.255373
40.3 0.254715
40.4 0.254144
40.5 0.253613
40.6 0.253078
40.7 0.252545
40.8 0.25211
40.9 0.251767
41 0.251454
41.1 0.251215
41.2 0.251038
41.3 0.250854
41.4 0.250583
41.5 0.250248
41.6 0.249849
41.7 0.249383
41.8 0.248932
41.9 0.248518
42 0.248127
42.1 0.247723
42.2 0.247239
42.3 0.246779
42.4 0.246384
42.5 0.245959
42.6 0.245576
42.7 0.245307
42.8 0.245074
42.9 0.244849
43 0.244637
43.1 0.244353
43.2 0.244018
43.3 0.243714
43.4 0.243389
43.5 0.243064
43.6 0.242799
43.7 0.242514
43.8 0.242286
43.9 0.242041
44 0.24175
44.1 0.241455
44.2 0.241185
44.3 0.2409
44.4 0.240561
44.5 0.240184
44.6 0.239808
44.7 0.239433
44.8 0.239015
44.9 0.238582
45 0.238146
45.1 0.237706
45.2 0.237335
45.3 0.236935
45.4 0.236522
45.5 0.236117
45.6 0.235723
45.7 0.235302
45.8 0.234875
45.9 0.234472
46 0.234043
46.1 0.233609
46.2 0.233178
46.3 0.232703
46.4 0.232208
46.5 0.231759
46.6 0.231361
46.7 0.23092
46.8 0.230457
46.9 0.230013
47 0.229632
47.1 0.229369
47.2 0.229202
47.3 0.229027
47.4 0.228831
47.5 0.228691
47.6 0.228543
47.7 0.228354
47.8 0.228121
47.9 0.227808
48 0.227408
48.1 0.227045
48.2 0.226748
48.3 0.22651
48.4 0.226292
48.5 0.226049
48.6 0.225794
48.7 0.225496
48.8 0.225187
48.9 0.224821
49 0.22446
49.1 0.224142
49.2 0.223871
49.3 0.223611
49.4 0.223375
49.5 0.223177
49.6 0.222982
49.7 0.222758
49.8 0.222499
49.9 0.222316
50 0.222189
50.1 0.222099
50.2 0.222056
50.3 0.221976
50.4 0.221903
50.5 0.221885
50.6 0.221897
50.7 0.221931
50.8 0.222017
50.9 0.222027
51 0.222029
51.1 0.222039
51.2 0.221964
51.3 0.221869
51.4 0.221772
51.5 0.221678
51.6 0.221569
51.7 0.221502
51.8 0.221473
51.9 0.221512
52 0.221584
52.1 0.221628
52.2 0.221671
52.3 0.221732
52.4 0.221751
52.5 0.221695
52.6 0.221561
52.7 0.221426
52.8 0.221333
52.9 0.221201
53 0.221082
53.1 0.221015
53.2 0.22104
53.3 0.221081
53.4 0.221015
53.5 0.220913
53.6 0.220855
53.7 0.220817
53.8 0.220784
53.9 0.220713
54 0.220671
54.1 0.220615
54.2 0.220505
54.3 0.220313
54.4 0.22004
54.5 0.219723
54.6 0.219366
54.7 0.219046
54.8 0.218727
54.9 0.21847
55 0.21819
55.1 0.217885
55.2 0.217608
55.3 0.217321
55.4 0.21698
55.5 0.216548
55.6 0.216075
55.7 0.215584
55.8 0.21512
55.9 0.214721
56 0.214414
56.1 0.214109
56.2 0.213746
56.3 0.213384
56.4 0.213069
56.5 0.212726
56.6 0.212432
56.7 0.212246
56.8 0.212103
56.9 0.211981
57 0.211804
57.1 0.211558
57.2 0.211229
57.3 0.210876
57.4 0.210548
57.5 0.210189
57.6 0.209852
57.7 0.209499
57.8 0.209183
57.9 0.208925
58 0.208719
58.1 0.208421
58.2 0.208031
58.3 0.207613
58.4 0.207232
58.5 0.206921
58.6 0.20666
58.7 0.206485
58.8 0.206273
58.9 0.206015
59 0.20567
59.1 0.205319
59.2 0.204946
59.3 0.20463
59.4 0.204368
59.5 0.204095
59.6 0.203799
59.7 0.203541
59.8 0.203337
59.9 0.203205
60 0.203097
60.1 0.202944
60.2 0.202731
60.3 0.202445
60.4 0.202084
60.5 0.201723
60.6 0.201347
60.7 0.200897
60.8 0.200362
60.9 0.19983
61 0.199349
61.1 0.198905
61.2 0.198505
61.3 0.198117
61.4 0.197763
61.5 0.19742
61.6 0.197234
61.7 0.197173
61.8 0.197068
61.9 0.196934
62 0.19672
62.1 0.196438
62.2 0.196123
62.3 0.195755
62.4 0.195399
62.5 0.194975
62.6 0.194474
62.7 0.193999
62.8 0.193575
62.9 0.193189
63 0.192838
63.1 0.192597
63.2 0.192328
63.3 0.192028
63.4 0.191821
63.5 0.191612
63.6 0.191391
63.7 0.191153
63.8 0.190967
63.9 0.190835
64 0.190715
64.1 0.190567
64.2 0.190383
64.3 0.19023
64.4 0.190015
64.5 0.189702
64.6 0.189356
64.7 0.18899
64.8 0.188659
64.9 0.188294
65 0.187958
65.2 0.187621
65.3 0.187567
65.4 0.187443
65.5 0.187335
65.6 0.187235
65.7 0.187126
65.8 0.187077
65.9 0.18711
66 0.187042
66.1 0.186921
66.2 0.186752
66.3 0.186623
66.4 0.186441
66.5 0.186233
66.6 0.186007
66.7 0.1858
66.9 0.185241
67 0.184948
67.1 0.184784
67.2 0.184636
67.3 0.184475
67.4 0.184312
67.5 0.184148
67.6 0.183955
67.7 0.183722
67.8 0.183474
67.9 0.183281
68 0.183129
68.2 0.182691
68.3 0.182502
68.4 0.182479
68.5 0.182443
68.6 0.182256
68.7 0.182002
68.8 0.181853
68.9 0.181791
69 0.181759
69.2 0.181954
69.3 0.182086
69.4 0.182189
69.5 0.182279
69.6 0.182363
69.7 0.182417
69.8 0.182443
69.9 0.182502
70 0.182558
70.2 0.182055
70.3 0.181668
70.4 0.181298
70.5 0.180962
70.6 0.180598
70.7 0.180191
70.8 0.179828
71 0.179135
71.1 0.178798
71.2 0.178538
71.3 0.178314
71.4 0.177989
71.5 0.177604
71.6 0.17725
71.8 0.176653
71.9 0.176374
72 0.176233
72.1 0.176106
72.2 0.175933
72.3 0.175827
72.5 0.175954
72.6 0.176019
72.7 0.175946
72.8 0.175746
72.9 0.175438
73 0.175155
73.2 0.174353
73.3 0.173955
73.4 0.173702
73.5 0.173563
73.6 0.173411
73.8 0.173132
73.9 0.173
74 0.172836
74.1 0.172682
74.2 0.172535
74.3 0.172461
74.5 0.171885
74.6 0.171573
74.7 0.171322
74.8 0.171118
75 0.17091
75.1 0.170847
75.2 0.170857
75.3 0.170986
75.4 0.171094
75.6 0.17114
75.7 0.171143
75.8 0.170972
75.9 0.170738
76 0.170568
76.2 0.170323
76.3 0.170238
76.4 0.170145
76.5 0.170024
76.7 0.16978
76.8 0.169845
76.9 0.169921
77 0.169979
77.2 0.170199
77.3 0.170322
77.4 0.170404
77.5 0.170457
77.7 0.170429
77.8 0.170486
77.9 0.170621
78 0.170763
78.2 0.171011
78.3 0.171153
78.4 0.171365
78.5 0.171528
78.7 0.17153
78.8 0.171571
78.9 0.171661
79 0.171654
79.2 0.1714
79.3 0.171418
79.4 0.17145
79.6 0.1716
79.7 0.171743
79.8 0.171915
79.9 0.17211
80.1 0.17234
80.2 0.172493
80.3 0.17257
80.5 0.172637
80.6 0.172795
80.7 0.173154
80.8 0.173619
81 0.174105
81.1 0.174379
81.2 0.174466
81.4 0.174505
81.5 0.174518
81.6 0.174385
81.8 0.174074
81.9 0.174089
82 0.174187
82.2 0.174094
82.3 0.173951
82.4 0.173798
82.6 0.173636
82.7 0.173555
82.8 0.173569
83 0.174153
83.1 0.174497
83.2 0.174689
83.4 0.174709
83.5 0.174709
83.6 0.174573
83.8 0.174536
83.9 0.174489
84 0.17445
84.2 0.174434
84.3 0.174409
84.4 0.174337
84.6 0.174104
84.7 0.17391
84.8 0.173727
85 0.173406
85.1 0.1733
85.3 0.173075
85.4 0.172947
85.5 0.172945
85.7 0.173459
85.8 0.17372
86 0.173801
86.1 0.173861
86.2 0.174059
86.4 0.174143
86.5 0.173921
86.6 0.173533
86.8 0.172549
86.9 0.172246
87.1 0.171849
87.2 0.171735
87.3 0.171585
87.5 0.170758
87.6 0.170326
87.8 0.169685
87.9 0.169313
88.1 0.168363
88.2 0.167911
88.3 0.167564
88.5 0.166831
88.6 0.166302
88.8 0.16601
88.9 0.165997
89.1 0.165633
89.2 0.165486
89.3 0.165318
89.5 0.165387
89.6 0.165457
89.8 0.165994
89.9 0.16613
90.1 0.166333
90.2 0.166482
90.4 0.167219
90.5 0.167542
90.6 0.167742
90.8 0.167917
90.9 0.168121
91.1 0.16885
91.2 0.169412
91.4 0.170335
91.5 0.170683
91.7 0.171184
91.8 0.171451
92 0.171828
92.1 0.172149
92.3 0.173102
92.4 0.173315
92.6 0.173606
92.7 0.173858
92.9 0.173895
93 0.173535
93.2 0.172689
93.3 0.172423
93.5 0.171723
93.6 0.171068
93.8 0.170185
93.9 0.169683
94.1 0.16873
94.2 0.168306
94.4 0.167179
94.5 0.166764
94.7 0.165896
94.8 0.165354
95 0.163748
95.1 0.162877
95.3 0.161559
95.4 0.160857
95.6 0.159423
95.7 0.158928
95.9 0.158647
96.1 0.158805
96.2 0.158893
96.4 0.159789
96.5 0.160594
96.7 0.161523
96.8 0.161468
97 0.161447
97.1 0.161184
97.3 0.160728
97.5 0.160038
97.6 0.159864
97.8 0.159496
97.9 0.159234
98.1 0.158611
98.2 0.157319
98.4 0.155768
98.6 0.154372
98.7 0.154201
98.9 0.154501
99 0.154157
99.2 0.157723
99.4 0.159266
99.5 0.161614
99.7 0.171734
99.8 0.176583
100 0.177423
200 0.0525417
300 0.0304801
400 0.0199962
500 0.0145579
600 0.00977938
700 0.00878399
800 0.00690633
900 0.00533178
1000 0.00474431
1100 0.00408996
1200 0.00312874
1300 0.00339966
1400 0.00326265
1500 0.00218034
1600 0.00202023
1700 0.00179028
1800 0.00162436
1900 0.00145634
2000 0.000919002
2100 0.00109245
2200 0.00152826
2300 0.00112671
2400 0.00110243
2500 0.000628523
2600 0.000805961
2700 0.000833743
2800 0.000720233
2900 0.000811963
3000 0.000775708
3100 0.000690184
3200 0.000907553
3300 0.000940007
3400 0.000714694
3500 0.000523827
3600 0.000871536
3700 0.000579238
3800 0.000710333
3900 0.00087318
4000 0.000998674
4100 0.000806397
4200 0.000985909
4300 0.000293871
4400 0.000269988
4500 0.000152017
4600 0.000592286
4700 -0.000111604
4800 0.00021506
4900 0.000310707
5000 -0.00014236
5100 0.000177403
5200 0.00102352
5300 0.000215339
5400 0.000764496
5500 0.000636472
5600 -2.92184e-05
5700 -0.000414812
5800 0.00068645
5900 0.000129162
6000 -8.41934e-05
6100 -7.23451e-05
6200 0.000226342
6300 2.58554e-06
6400 -0.000134761
6500 0.000563207
6600 0.000252238
6700 0.00011526
6800 -1.34399e-06
6900 0.000265761
7000 2.25623e-05
7100 4.53895e-05
7200 9.16561e-05
7300 0.000659368
7400 0.000269386
7500 0.000531276
7600 -9.46684e-05
7700 -5.85142e-05
7800 -0.000155158
7900 -5.25335e-05
8000 -0.000283623
8100 -0.000109906
8200 0.000203019
8300 -0.000389486
8400 -0.00040436
8500 0.00042454
8600 0.000280881
8700 1.63848e-05
8800 7.17458e-05
8900 0.000591026
9000 0.000463852
9100 0.000485915
9200 -4.72178e-06
9300 0.000200931
9400 -1.22335e-05
9500 -0.000213872
9600 0.000448428
9700 0.00049596
9800 0.000412068
9900 -0.000125759
10000 0.000357763
10100 2.92803e-05
10200 -0.000307815
10300 0.000639442
10400 0.000287505
10500 0.000365966
10600 0.000318605
10700 -4.56384e-05
10800 0.000148445
10900 -7.76437e-05
11000 -0.000245781
11100 0.000345998
11200 2.27467e-05
11300 -0.000273185
11400 -6.5745e-05
11500 -0.000209026
11600 -0.000140048
11700 -0.000569227
11800 -0.000672773
11900 4.43137e-06
12000 0.000503328
12100 -0.000119798
12200 0.000260996
12300 0.000448175
12400 -0.00014579
12500 0.000725147
12600 -0.000372126
12700 -6.385e-05
12800 0.000247598
12900 -0.000593641
13000 -0.000712997
13100 -0.000104696
13200 -0.000523615
13300 -0.000344679
13400 0.000136293
13500 8.45755e-05
13600 -0.000540519
13700 8.96293e-05
13800 0.000110816
13900 0.0003343
14000 0.00032846
14100 0.000173021
14200 0.000101469
14300 0.000144283
14400 -0.000143545
14500 -0.000195658
14600 0.000402443
14700 0.000715301
14800 -0.00027216
14900 9.29445e-05
15000 -0.000228871
15100 0.000185551
15200 -0.000343472
15300 -0.000531834
15400 -0.000207431
15500 0.000114087
15600 -0.000120781
15700 0.000169043
15800 0.000187058
15900 0.000158375
16000 0.000269659
16100 0.000387858
16200 0.000103786
16300 0.000234835
16400 0.000126944
16500 0.000333181
16600 0.000254216
16700 -0.000302585
16800 0.000430074
16900 0.000565045
17000 0.000354706
17100 0.000370143
17200 1.77991e-06
17300 7.4945e-05
17400 -0.000174601
17500 -2.07913e-05
17600 0.000184052
17700 0.000164228
17800 0.00012681
17900 0.000600486
18000 -7.26875e-05
18100 0.000338616
18200 0.000203224
18300 0.000338547
18400 -0.00016235
18500 0.000284702
18600 0.000283346
18700 -0.000359296
18800 0.000257015
18900 8.73739e-05
19000 0.000119371
19100 0.000129327
19200 5.99957e-05
19300 2.72145e-05
19400 0.000503068
19500 -0.000105089
19600 0.000354881
19700 2.20638e-05
19800 3.58622e-06
19900 -8.37339e-05
20000 -0.000366667
20100 4.79837e-05
20200 0.000251162
20300 0.000248183
20400 -5.49013e-05
20500 0.000179487
20600 0.000205956
20700 -0.000317888
20800 -0.000275356
20900 0.000475853
21000 6.24632e-05
21100 0.000277707
21200 0.000237968
21300 5.48748e-05
21400 -0.000193489
21500 0.000275129
21600 0.000910547
21700 0.0007805
21800 0.000144631
21900 0.000298913
22000 0.000358825
22100 -2.27387e-05
22200 0.000211664
22300 0.000243249
22400 -0.000346904
22500 -8.14646e-05
22600 0.000389547
22700 0.00023878
22800 1.08114e-05
22900 -0.000486424
23000 3.56806e-05
23100 5.18287e-05
23200 0.000271018
23300 -4.51019e-05
23400 -0.000269879
23500 -0.000135796
23600 0.000292322
23700 0.000121612
23800 -8.6256e-05
23900 -0.000673857
24000 -0.000334774
24100 -7.49653e-05
24200 -8.46339e-05
24300 -0.000125474
24400 -0.000169524
24500 -0.000116691
24600 0.000210217
24700 -0.00045004
24800 0.000268985
24900 0.000381593
25000 0.000314644
25100 0.000602975
25200 -6.063e-05
25300 0.000121256
25400 0.000285724
25500 0.000283455
25600 -0.000544014
25700 -0.000360896
25800 -0.000592293
25900 4.27178e-05
26000 0.000313448
26100 -0.00021727
26200 -0.000187609
26300 0.000338679
26400 -0.000254236
26500 0.000192447
26600 7.60147e-05
26700 -0.000568666
26800 -0.000127991
26900 -0.000849709
27000 -0.000185726
27100 -0.000475683
27200 0.00014714
27300 9.60329e-05
27400 -0.000449186
27500 -0.000462751
27600 -0.000712438
27700 0.000195153
27800 -0.000293672
27900 -0.000276516
28000 0.000271437
28100 0.000266255
28200 -3.56525e-05
28300 -0.000425415
28400 -0.000394685
28500 2.85856e-05
28600 0.000172565
28700 0.000596173
28800 -4.49233e-05
28900 -0.000236182
29000 -0.000195075
29100 -0.000644626
29200 -0.000193845
29300 -0.000715561
29400 -0.000657754
29500 -0.000806557
29600 -1.39565e-05
29700 -0.000318918
29800 1.25768e-05
29900 5.86805e-05
30000 -9.39359e-05
30100 0.00068609
30200 0.000131414
30300 6.5153e-05
30400 0.000116528
30500 0.000278335
30600 -5.42678e-05
30700 -0.000329574
30800 0.000595473
30900 0.000259947
31000 0.000419417
31100 0.000413708
31200 0.000568169
31300 0.00011016
31400 -0.000222512
31500 -3.9198e-05
31600 -0.000163328
31700 -8.69542e-05
31800 -0.000139537
31900 8.18051e-05
32000 1.6139e-05
32100 -8.44894e-05
32200 0.000319302
32300 0.000306345
32400 7.66541e-05
32500 -0.000308464
32600 -0.000377133
32700 -2.94302e-05
32800 -0.00064658
32900 -0.000869353
33000 -0.000267394
33100 -0.000478716
33200 0.000251473
33300 -0.000451722
33400 -3.75032e-05
33500 0.000231806
33600 0.000310357
33700 6.23328e-06
33800 -8.40511e-05
33900 9.28046e-05
34000 0.000640999
34100 -0.000480886
34200 7.7053e-05
34300 5.59663e-05
34400 -0.000108682
34500 0.00029626
34600 0.000225855
34700 0.000924303
34800 -6.2936e-05
34900 -0.000162818
35000 1.82716e-05
35100 4.23823e-05
35200 6.57972e-05
35300 -0.000129848
35400 -0.000331654
35500 8.50247e-05
35600 -0.00043873
35700 0.000209643
35800 -6.6271e-05
35900 -0.00041745
36000 -0.000519572
36100 -0.000360124
36200 -3.16863e-05
36300 0.000363322
36400 -4.60703e-05
36500 -0.000332679
36600 0.000137065
36700 -0.000723388
36800 -1.87433e-06
36900 3.71846e-05
37000 0.00033106
37100 -0.000104181
37200 0.000271683
37300 -0.000271148
37400 -0.000111534
37500 -0.000245732
37600 -0.000230645
37700 2.40255e-05
37800 -2.6773e-05
37900 0.000199398
38000 -0.000566732
38100 3.74001e-05
38200 -0.00020746
38300 -0.00050324
38400 6.61681e-05
38500 0.000124039
38600 -7.4513e-06
38700 -0.000808931
38800 -0.000310847
38900 -0.00018551
39000 0.000262534
39100 -0.000322924
39200 -5.87836e-05
39300 -1.26862e-05
39400 -0.000736754
39500 -0.000810369
39600 -2.77299e-05
39700 0.000464678
39800 -0.000120331
39900 -0.000218113
40000 0.000185893
40100 -0.000778883
40200 -4.18613e-05
40300 -0.000431058
40400 -0.000176741
40500 5.95222e-05
40600 0.000222721
40700 -8.96629e-05
40800 -0.000507267
40900 -4.18645e-05
41000 0.000563477
41100 -0.000443689
41200 -0.000221993
41300 -0.000133615
41400 -3.2437e-05
41500 -1.54163e-05
41600 -0.000122427
41700 0.000196643
41800 0.000199377
41900 0.000346235
42000 -0.000506095
42100 -0.00014118
42200 -6.97747e-05
42300 -2.20406e-05
42400 0.00012541
42500 -0.000456108
42600 0.000421436
42700 0.000359195
42800 0.00021318
42900 0.000208579
43000 0.000353719
43100 0.000173276
43200 -0.000179935
43300 -0.000326539
43400 -0.000231695
43500 0.000587369
43600 0.000236971
43700 -0.000303128
43800 -0.000682863
43900 -6.33137e-05
44000 0.000402378
44100 -0.000378985
44200 -0.000200572
44300 -0.000400126
44400 0.000337395
44500 0.000205088
44600 -3.86543e-05
44700 -0.000297591
44800 0.000162387
44900 -0.000162502
45000 -0.000106772
45100 -0.000204228
45200 -8.40567e-05
45300 -0.000242188
45400 -0.000406653
45500 0.000562417
45600 0.000292823
45700 -0.000208819
45800 3.13288e-05
45900 0.000178014
46000 0.000351656
46100 0.000336745
46200 -0.000354503
46300 -0.000111184
46400 0.000286585
46500 0.00110542
46600 0.000473108
46700 0.000810526
46800 0.00013759
46900 0.000251115
47000 0.00035562
47100 -6.43634e-05
47200 -0.000475682
47300 0.00039844
47400 -3.13575e-05
47500 0.000128011
47600 0.000511453
47700 8.33892e-05
47800 0.000114677
47900 -0.000118168
48000 0.000238306
48100 0.000102305
48200 0.000416074
48300 0.000139145
48400 -0.000156298
48500 -0.000278463
48600 -0.000444684
48700 -0.000753209
48800 -0.000341775
48900 9.70203e-05
49000 -9.21677e-05
49100 0.000464049
49200 -0.000291584
49300 -0.00031292
49400 6.31394e-05
49500 -0.000141173
49600 0.000499708
49700 0.000108874
49800 0.000339623
49900 -0.000257411
50000 -0.000176014
50100 -0.000278107
50200 8.88539e-05
50300 0.000123103
50400 4.37089e-05
50500 8.95367e-05
50600 -0.000233459
50700 0.000169118
50800 -2.54508e-05
50900 0.00012692
51000 -0.000165882
51100 -0.000179628
51200 -9.18499e-05
51300 0.000624245
51400 0.000742848
51500 0.00026228
51600 0.000465565
51700 -0.000157292
51800 -0.000255826
51900 -5.35694e-05
52000 0.000243721
52100 -0.000349161
52200 -0.000430791
52300 -0.00034893
52400 0.000110679
52500 0.00031753
52600 0.000221512
52700 0.000294115
52800 -0.000251186
52900 -0.000560205
53000 -0.000151661
53100 -7.37362e-05
53200 -0.000117478
53300 4.06124e-05
53400 -1.6637e-05
53500 0.000206148
53600 0.000384182
53700 -0.000560569
53800 -4.0006e-06
53900 0.000231781
54000 -3.78285e-05
54100 2.94161e-05
54200 0.000483099
54300 0.000636243
54400 0.000241182
54500 -6.47333e-05
54600 0.000183814
54700 -0.000350051
54800 4.93632e-05
54900 -0.000271402
55000 0.000641751
55100 0.000382064
55200 -1.504e-05
55300 0.000806846
55400 0.000439636
55500 0.00052323
55600 0.000173337
55700 0.000313781
55800 0.000252861
55900 0.0002615
56000 -0.000524467
56100 0.00036536
56200 0.000259497
56300 0.000293734
56400 0.000939953
56500 0.000190366
56600 0.000226534
56700 0.000216108
56800 -0.000216704
56900 0.00024888
57000 -0.000836855
57100 -0.000318529
57200 2.32114e-05
57300 3.46494e-05
57400 0.000135554
57500 -0.00040702
57600 -0.000241632
57700 0.000143569
57800 -6.68217e-05
57900 0.000101718
58000 0.000431007
58100 -6.23462e-05
58200 0.000259196
58300 0.000372594
58400 6.87259e-05
58500 -0.000205544
58600 0.000100722
58700 -6.73397e-05
58800 0.00069817
58900 0.000148882
59000 0.000317364
59100 0.000168296
59200 1.34325e-05
59300 0.000340642
59400 0.000393901
59500 0.000688837
59600 0.000477936
59700 0.000827998
59800 0.000193952
59900 -8.48968e-05
60000 0.000340192
60100 -0.000273574
60200 0.000126251
60300 0.000638526
60400 0.000525204
60500 -0.000241898
60600 -0.000198172
60700 0.000425374
60800 0.000293225
60900 -4.13541e-05
61000 0.000234858
61100 -4.87066e-06
61200 -0.000610363
61300 -0.000365867
61400 -5.92742e-05
61500 9.21497e-05
61600 -3.86054e-05
61700 0.000360282
61800 0.000652843
61900 -0.00036417
62000 0.000331095
62100 0.000642657
62200 -1.06083e-05
62300 -0.000368937
62400 -0.000541249
62500 -3.55543e-05
62700 0.000651558
62800 4.27638e-05
62900 0.000139223
63000 -6.20283e-05
63100 -0.000400219
63200 0.000332912
63300 0.000496677
63400 0.00038121
63500 0.000186813
63600 0.00042698
63700 0.000333441
63800 -0.000172975
63900 0.000568782
64000 2.47951e-05
64100 0.000630642
64200 0.000440377
64300 -5.59612e-05
64400 -0.00034157
64500 -0.000410509
64600 -6.47598e-05
64700 -6.34404e-05
64800 0.000185495
64900 0.000254951
65000 0.000166825
65100 -0.000218581
65200 -0.000577999
65300 -6.13574e-05
65400 -0.000738112
65500 -0.000457733
65600 -0.00035188
65800 -0.000653992
65900 -0.000338024
66000 0.000523342
66100 -0.000234847
66200 -4.88918e-05
66300 -0.000205716
66400 0.000262766
66500 0.000297394
66600 -0.000482586
66700 -0.000214712
66800 -0.000298981
66900 0.00107245
67000 0.000848826
67100 0.000775366
67300 -0.00036793
67400 0.000221639
67500 0.000442272
67600 -0.000217582
67700 0.000130743
67800 -2.14752e-05
67900 0.000593007
68000 6.84026e-05
68100 0.000456742
68200 0.0003523
68300 -0.000514905
68500 -0.000330174
68600 -0.000203032
68700 -1.79035e-05
68800 0.000370522
68900 0.000443626
69000 0.000297275
69100 0.000553388
69200 -5.2922e-05
69300 -0.000245983
69500 -4.98702e-05
69600 -0.000294858
69700 4.42874e-06
69800 -0.000464125
69900 -9.85575e-05
70000 -0.000471619
70100 -0.00095803
70200 0.00045654
70400 0.000392591
70500 0.00065196
70600 -0.000328091
70700 -0.000277486
70800 -7.23454e-05
70900 0.000360685
71000 6.36355e-05
71200 -7.65288e-05
71300 0.000458409
71400 -0.000221462
71500 -4.02659e-05
71600 0.000549335
71700 -0.000206147
71800 -1.52767e-05
72000 -9.28683e-06
72100 0.000536994
72200 0.000496617
72300 -0.000226502
72400 9.92317e-05
72500 0.00020984
72700 -0.000207029
72800 -8.76927e-05
72900 0.000100433
73000 -3.93041e-05
73100 -0.000657061
73200 -0.00031097
73400 3.60698e-05
73500 -0.0001729
73600 0.000322848
73700 0.000376638
73800 0.000451057
74000 -0.000286149
74100 -0.000585128
74200 -3.0941e-05
74300 -0.000492774
74400 7.973e-05
74600 -8.42731e-05
74700 4.22872e-05
74800 -1.60451e-05
74900 -0.000318214
75000 -0.000829468
75200 0.000252331
75300 7.17111e-05
75400 -0.000444052
75500 -0.000544327
75600 0.000266728
75800 7.82992e-05
75900 -3.66815e-05
76000 -0.00024735
76100 -0.000435628
76300 -0.000287194
76400 0.000185909
76500 -0.000152707
76600 -0.000287909
76700 0.000505134
76900 -0.000411307
77000 0.000481167
77100 0.00049933
77200 -7.33631e-05
77400 -0.000509591
77500 -0.000229109
77600 -0.000119739
77700 -0.000460407
77900 -0.000130197
78000 -0.000105757
78100 -0.000566812
78200 0.000214188
78400 -0.000135756
78500 -0.000217754
78600 1.95156e-05
78800 -0.000203869
78900 -0.000263553
79000 -0.000325522
79100 0.000264383
79300 -0.000380894
79400 0.000270126
79500 -2.20796e-05
79600 2.53467e-05
79800 0.00016732
79900 -0.000170568
80000 -1.00512e-05
80200 -0.000336635
80300 2.00077e-05
80400 0.000154336
80500 4.75391e-05
80700 0.000455944
80800 -0.000183155
80900 -0.00018788
81100 0.000740711
81200 0.000241801
81300 0.00056807
81500 -0.000180241
81600 -0.000221107
81700 -0.000280282
81900 0.000684983
82000 0.00014025
82100 -0.000131875
82300 -0.000633978
82400 -8.19056e-05
82500 -0.000192443
82700 0.000177551
82800 -0.000615633
82900 0.000187086
83100 -1.84231e-06
83200 -0.000181395
83300 -0.000626978
83500 -1.34195e-05
83600 0.000279683
83700 -0.000304851
83900 -0.000129626
84000 1.85682e-05
84100 0.000401582
84300 0.000361521
84400 0.000452284
84500 0.000103738
84700 0.000566561
84800 0.000380606
84900 0.000262592
85100 0.000441962
85200 -0.00026429
85400 -0.000528511
85500 0.000448917
85600 -0.000418049
85800 0.00014252
85900 -0.000189688
86000 2.19469e-05
86200 8.67615e-05
86300 -0.000211448
86500 -0.000637941
86600 0.000356688
86700 -0.000421367
86900 0.000777968
87000 -0.000625408
87200 -0.000402709
87300 -0.000515474
87400 -0.00032499
87600 0.000156028
87700 0.000156526
87900 -6.79307e-05
88000 -0.000151482
88200 0.000328692
88300 0.000127062
88400 -0.000373163
88600 0.000199963
88700 0.000240766
88900 0.000306372
89000 0.00043789
89200 0.000187433
89300 0.000150915
89400 -9.96615e-05
89600 -0.000741925
89700 -0.000502973
89900 -0.000421139
90000 -0.000457407
90200 6.05302e-05
90300 0.000245375
90500 4.28907e-05
90600 0.000152386
90700 -0.000212322
90900 0.000511163
91000 0.000556697
91200 1.55708e-06
91300 0.000272967
91500 0.000197887
91600 0.000166222
91800 -5.16195e-05
91900 0.000442628
92100 0.000486167
92200 9.32647e-05
92400 -0.00058033
92500 -0.000329008
92700 0.00070757
92800 -0.000205632
93000 0.000148866
93100 0.000756126
93300 8.42301e-05
93400 0.00010443
93600 -0.000220748
93700 0.00034493
93900 -0.000378435
94000 -0.000336523
94200 0.000292805
94300 -0.000200377
94500 -0.000163148
94600 0.000135107
94800 -4.24729e-05
94900 -0.000229802
95100 -4.40406e-05
95200 0.000196775
95400 -0.000267332
95500 -0.00024489
95700 0.000305343
95900 -0.000133372
96000 0.000130325
96200 0.000202977
96300 -2.46814e-05
96500 0.000135248
96600 0.000277945
96800 0.000136734
96900 -3.98309e-05
97100 9.45691e-06
97300 0.000140935
97400 -7.01172e-05
97600 0.000408072
97700 0.000571401
97900 0.000147635
98000 0.000219969
98200 -9.28516e-05
98400 3.55972e-05
98500 -0.000938449
98700 -0.000433356
98800 -0.00051927
99000 0.000188932
99200 9.45996e-05
99300 -0.000501116
99500 0.000177347
99600 0.000501774
99800 -0.000455975
100000 5.23792e-06
100100 0.000102872
100300 -0.000175191
100400 -0.000200151
100600 -0.000461376
100800 -2.62262e-05
100900 -0.000170625
101100 0.000362431
101300 -0.000322971
101400 -0.000396636
101600 -0.000122428
101700 -0.000115923
101900 7.36975e-05
102100 -5.37024e-05
102200 -5.70241e-05
102400 -0.000506996
102600 2.40527e-06
102700 7.98046e-05
102900 0.00037982
103100 0.000336867
103200 -0.000229269
103400 0.000149825
103600 -0.000338095
103700 0.000254819
103900 -0.000107633
104100 0.000562919
104200 2.40267e-05
104400 0.000274486
104600 0.000372963
104700 0.000348354
104900 0.000224492
105100 -0.000266092
105200 0.000136445
105400 -0.000251805
105600 -0.000817628
105800 -0.000419595
105900 -0.000451408
106100 -0.000179171
106300 0.000160592
106400 0.000532486
106600 0.000170586
106800 0.000350274
107000 0.000151929
107100 3.10136e-05
107300 -8.41634e-06
107500 0.000232393
107600 0.000348356
107800 -2.26716e-05
108000 -0.000312461
108200 0.000285573
108300 0.000272974
108500 -0.000226945
108700 -0.000754407
108900 -0.000126047
109000 -8.14059e-05
109200 -0.000188865
109400 6.96128e-05
109600 0.000104902
109700 -2.46047e-05
109900 -0.000508895
110100 1.69011e-05
110300 9.83753e-05
110500 7.38558e-05
110600 -0.000427865
110800 3.72451e-05
111000 0.000189165
111200 0.000304514
111400 3.86176e-05
111500 -0.000397522
111700 3.09411e-05
111900 -0.000425983
112100 -0.000266526
112300 -0.000482997
112400 0.000174021
112600 0.000556006
112800 0.000366585
113000 0.00015008
113200 0.000105997
113300 -0.000383009
113500 -5.95814e-05
113700 -0.000380065
113900 0.000256326
114100 0.000203585
114300 0.000357952
114400 -0.000493384
114600 0.000383591
114800 0.000380377
115000 0.000127126
115200 0.000484503
115400 0.000505187
115600 0.00036127
115700 0.000213106
115900 -0.00042434
116100 -3.90819e-05
116300 -0.00044366
116500 -0.000330705
116700 6.44785e-06
116900 0.000472031
117100 0.000293259
117200 -8.06364e-05
117400 0.00044012
117600 -0.000189493
117800 -7.35714e-05
118000 0.000373507
118200 0.000132377
118400 -0.000336121
118600 -0.000394469
118800 -0.000254224
119000 -0.000384751
119100 -0.000125867
119300 -0.000177977
119500 -2.2359e-05
119700 0.000377228
119900 0.000232911
120100 0.000686674
120300 0.000220585
120500 -0.000355633
120700 0.000511032
120900 9.36559e-06
121100 0.000142816
121300 0.000111556
121500 0.000208755
121700 0.0004444
121900 -0.000109209
122100 0.000665229
122300 -0.000223716
122500 0.000225303
122700 0.000229152
122900 0.00010857
123100 8.92383e-05
123200 0.000278761
123400 -6.8432e-05
123600 0.000170474
123800 -0.000137541
124000 0.000154944
124200 -7.31824e-05
124400 5.03602e-05
124600 -0.000334186
124800 0.00033989
125000 6.84989e-05
125300 -0.000627162
125500 1.04187e-05
125700 0.000182405
125900 -0.00023625
126100 -0.000115792
126300 -0.000260238
126500 -0.000550893
126700 -0.000248478
126900 0.000120179
127100 5.93907e-06
127300 0.00023875
127500 0.000227243
127700 0.000438791
127900 0.000138489
128100 0.000219309
128300 -0.000132875
128500 -0.00064859
128700 -0.000262548
128900 -0.000638094
129100 4.99093e-05
129400 -0.000432948
129600 0.000163297
129800 0.000417284
130000 3.81986e-05
130200 -5.40227e-05
130400 0.000140571
130600 -0.000588846
130800 -3.83257e-05
131000 0.000260544
131200 0.000694746
131500 0.000576948
131700 0.000119887
131900 0.000193809
132100 -3.74966e-05
132300 0.000180653
132500 8.44557e-05
132700 0.000355838
132900 0.000412722
133200 -0.00012851
133400 0.000168451
133600 -0.000305402
133800 -6.77892e-05
134000 -9.66982e-05
134200 0.000164733
134500 -7.37043e-05
134700 0.000493914
134900 9.98596e-05
135100 0.00046073
135300 0.000297415
135500 0.000433889
135800 0.000428204
136000 0.000331756
136200 -0.000177008
136400 -0.000108562
136600 0.000122791
136900 -0.000826317
137100 -0.000108482
137300 -0.000202549
137500 0.000464191
137700 0.000722494
138000 -0.000746498
138200 0.000109733
138400 -0.000463729
138600 0.000454448
138900 -0.000363943
139100 -0.000205057
139300 -1.23256e-05
139500 -0.000539472
139800 -0.000357476
140000 -9.44896e-05
140200 -7.37444e-05
140400 0.000419502
140700 -0.000440749
140900 0.000219526
141100 0.000300179
141300 0.000829199
141600 0.000512771
141800 -0.000359092
142000 0.000622002
142300 3.89341e-05
142500 0.000524989
142700 -3.50799e-05
142900 0.000344089
143200 7.4183e-05
143400 0.000261681
143600 0.000200409
143900 0.000627932
144100 -2.75562e-05
144300 0.000350846
144600 0.000515271
144800 -0.00038177
145000 -0.000329604
145300 -0.000331592
145500 -0.000325795
145700 -2.6505e-05
146000 0.000243648
146200 0.000139243
146400 0.000639888
146700 0.000194982
146900 -2.20739e-05
147200 -0.000156221
147400 0.0004727
147600 0.000214403
147900 0.000106887
148100 -0.000625708
148300 -4.88994e-05
148600 -0.00101207
148800 -0.000322107
149100 8.84805e-05
149300 -0.000399915
149500 -3.61615e-05
149800 -0.00014258
150000 -0.000643002
150300 -0.000161572
150500 -0.000301271
150800 0.000378541
151000 0.000410358
151200 0.000325309
151500 0.000168145
151700 -6.59281e-05
152000 -0.000488189
152200 -1.44013e-05
152500 -0.00018798
152700 0.00040997
153000 5.8669e-05
153200 0.000101916
153400 0.000242991
153700 -0.000131039
153900 -0.000271774
154200 -0.000350365
154400 0.000492336
154700 0.000213638
154900 -0.000448986
155200 0.000309724
155400 -0.000539124
155700 6.16207e-05
155900 -0.000574457
156200 -0.000495658
156400 0.000325123
156700 0.000218898
156900 -6.22412e-05
157200 0.000395423
157500 0.000626183
157700 0.000513361
158000 0.000252603
158200 -0.000466984
158500 -6.95456e-05
158700 0.00017662
159000 0.000209165
159200 0.000280881
159500 -0.000321498
159800 0.000382724
160000 2.71414e-05
160300 6.23703e-05
160500 -0.000461582
160800 -7.33604e-05
161000 -0.000420467
161300 -9.21934e-05
161600 4.99181e-06
161800 -6.6181e-06
162100 -0.000269788
162400 -0.000241923
162600 0.00018472
162900 -0.000224665
163100 0.000190273
163400 -4.78257e-05
163700 -1.68441e-06
163900 -1.77812e-06
164200 -9.96302e-05
164500 0.000181405
164700 -0.000384424
165000 0.000164569
165300 0.000100318
165500 0.000331074
165800 -0.000243676
166100 -0.000108067
166300 -0.000881014
166600 0.000468641
166900 -0.000353232
167100 9.06009e-05
167400 -0.000164538
167700 -8.52448e-05
167900 -0.000346703
168200 -0.000153079
168500 -8.3017e-05
168800 0.000516451
169000 -6.15127e-05
169300 4.20434e-05
169600 -0.000267628
169800 -0.000143499
170100 -0.000173798
170400 0.000728624
170700 -0.000135418
170900 0.00021868
171200 0.000119257
171500 0.000115426
171800 -0.000360504
172000 -0.00034307
172300 -0.00066522
172600 -0.00014981
172900 0.000421634
173200 0.000195963
173400 -0.00065556
173700 -0.000397446
174000 -0.000313082
174300 0.000105941
174600 -0.000718205
174800 0.000169461
175100 0.000297292
175400 0.000200092
175700 -0.000146461
176000 7.36745e-05
176300 -7.28825e-05
176500 0.000411161
176800 0.000437117
177100 -0.000210613
177400 6.47402e-05
177700 0.000655346
178000 0.000537402
178300 0.000197101
178500 0.00012636
178800 0.000225563
179100 0.000292183
179400 0.000357311
179700 -0.000473334
180000 0.000791944
180300 -0.000453075
180600 0.000281536
180900 0.000398224
181200 -0.000299209
181400 0.000502979
181700 -0.000599992
182000 0.000291597
182300 -8.93932e-05
182600 -1.84597e-05
182900 0.00016998
183200 -0.000416063
183500 -0.000183556
183800 -0.00016362
184100 0.000248351
184400 -0.000782292
184700 0.000538171
185000 0.000115957
185300 -0.000319017
185600 -0.000665739
185900 0.000336433
186200 -0.000387342
186500 -4.96495e-05
186800 0.000182051
187100 -1.11484e-05
187400 -0.000160087
187700 -0.000363918
188000 -0.000892618
188300 3.81158e-06
188600 -0.000201516
188900 -0.000172576
189200 -0.00072683
189500 -0.000578671
189800 0.000552544
190100 5.43268e-05
190400 1.57937e-05
190700 0.000320462
191000 -0.000332695
191400 0.000444867
191700 -0.000594725
192000 0.000305534
192300 0.000168005
192600 -0.000119457
192900 0.000635971
193200 0.00039107
193500 -0.00042178
193800 0.000248299
194200 0.000409208
194500 2.91977e-05
194800 -2.80358e-05
195100 -0.000803114
195400 -0.000785069
195700 0.000476619
196000 -0.000106586
196400 -0.000324706
196700 0.000279065
197000 0.00025549
197300 0.000273323
197600 -0.000615599
197900 -0.000296126
198300 -4.86296e-05
198600 -0.000710889
198900 -0.000173665
199200 -0.000179805
199500 -0.0011851
199900 8.20658e-05
200200 0.000150393
200500 -0.000175405
200800 -8.83123e-05
201200 9.74139e-06
201500 0.000252256
201800 -0.000274717
202100 -0.00066959
202500 -5.02499e-05
202800 0.000448249
203100 -8.75844e-05
203400 9.08097e-05
203800 -0.000314908
204100 -0.000194509
204400 -0.00100323
204800 -0.000222595
205100 0.000308039
205400 0.000353573
205700 -4.91252e-05
206100 0.000919875
206400 -9.2902e-05
206700 -4.23125e-05
207100 0.000627051
207400 0.000313367
207700 0.000104882
208100 -4.68358e-05
208400 0.000349714
208800 0.000159284
209100 0.00020569
209400 -0.000187537
209800 0.000434528
210100 0.000152493
210400 0.000636105
210800 0.000391008
211100 -0.000128547
211500 -6.75487e-05
211800 0.000153394
212100 0.000201937
212500 -0.000222516
212800 0.000383402
213200 0.000160525
213500 -0.000139929
213900 0.000700086
214200 3.91355e-05
214600 -6.40484e-05
214900 0.000467986
215200 0.000295058
215600 -5.33553e-06
215900 -0.000363199
216300 -0.00051658
216600 -0.000251661
217000 -6.49696e-05
217300 -0.000352086
217700 0.000245383
218000 -0.000527895
218400 8.86823e-05
218700 0.00023865
219100 0.00042148
219400 -5.90715e-05
219800 -0.000723379
220200 0.000124005
220500 7.01855e-05
220900 -5.29422e-05
221200 5.15355e-05
221600 0.000577559
221900 0.000249638
222300 0.00064143
222700 0.000152178
223000 0.000189438
223400 -8.33174e-05
223700 6.06707e-05
224100 7.19768e-05
224500 0.000111228
224800 0.00031195
225200 -0.000242285
225500 -1.79354e-05
225900 0.000187814
226300 -0.000316647
226600 -0.000374174
227000 -2.79939e-05
227400 -2.28387e-05
227700 0.000118124
228100 0.000262783
228500 0.000104199
228800 -1.42116e-05
229200 0.000193509
229600 -3.15814e-05
229900 -0.000122137
230300 -0.000577992
230700 0.000347367
231100 -0.000385857
231400 0.000639215
231800 -0.000226089
232200 -7.71434e-05
232600 0.000470764
232900 -0.000290157
233300 -8.04934e-05
233700 -0.000200629
234100 1.74685e-05
234400 0.000146353
234800 0.000276874
235200 0.000286067
235600 0.000144566
236000 -0.000294122
236300 -0.000589257
236700 0.000320165
237100 -0.000205127
237500 -0.000219932
237900 -0.000256881
238200 -0.000346887
238600 0.000136983
239000 -0.000337336
239400 0.000455022
239800 0.000415741
240200 0.000239377
240600 0.00025438
241000 3.95903e-05
241300 -0.000308303
241700 0.00026014
242100 -0.000130699
242500 0.000602519
242900 -0.00029367
243300 -0.000151638
243700 0.000129435
244100 -0.0001791
244500 4.72624e-05
244900 9.41398e-05
245300 0.000298725
245700 -5.57348e-05
246100 -0.000299092
246400 -0.000665592
246800 -0.000308586
247200 -8.37001e-05
247600 4.09633e-05
248000 -0.000446121
248400 3.12667e-05
248800 -0.000195769
249200 0.000533226
249600 4.10956e-05
250000 0.000353353
250500 -0.000174383
250900 0.000539494
251300 -0.000520673
251700 -0.000720217
252100 -0.000290097
252500 -1.35968e-05
252900 -0.000181462
253300 -0.000649377
253700 0.000175674
254100 -0.000258665
254500 -0.00010668
254900 0.000439371
255300 -0.000221019
255800 -0.000179689
256200 -0.000331746
256600 0.000143533
257000 0.000319724
257400 0.000139191
257800 -0.000474238
258200 -0.000151025
258700 0.000293985
259100 0.000502502
259500 -0.000267294
259900 -4.60128e-05
260300 0.000169438
260800 0.000516448
261200 -0.000134933
261600 2.74865e-05
262000 -0.00017693
262400 4.85549e-06
262900 -2.07374e-05
263300 0.000659841
263700 0.00026946
264100 4.6705e-05
264600 0.000454287
265000 0.000127853
265400 5.68827e-05
265800 -0.000319679
266300 -0.000315531
266700 0.000740828
267100 0.00027765
267600 -6.39343e-05
268000 -3.3821e-05
268400 0.000147775
268900 0.000209864
269300 0.000493102
269700 -0.000703585
270200 -0.000313714
270600 -7.89984e-06
271000 6.61715e-06
271500 -0.000813839
271900 6.80289e-05
272300 -0.000529409
272800 6.5668e-05
273200 0.000518688
273700 -2.19137e-05
274100 -0.000500905
274600 0.000817401
275000 -0.000255454
275400 -0.000334134
275900 -0.000319821
276300 -0.000161712
276800 -2.1178e-05
277200 -0.000337048
277700 0.000241726
278100 0.000270051
278600 -0.000196526
279000 -8.47338e-05
279500 0.000595758
279900 0.000224868
280400 -0.000255544
280800 -8.58145e-05
281300 0.000677642
281700 0.000188601
282200 0.000429365
282600 0.000319259
283100 0.000977108
283500 -0.00023497
284000 -4.51643e-05
284500 -0.000117532
284900 -3.87469e-05
285400 0.000711792
285800 0.000134467
286300 -0.000139245
286800 -0.000530962
287200 0.000254696
287700 0.000935563
288200 0.000309074
288600 -0.000297781
289100 0.000147919
289500 0.00025213
290000 -0.000150472
290500 0.000533455
291000 0.000241705
291400 0.000351691
291900 0.000106787
292400 -5.10521e-06
292800 1.66522e-05
293300 -0.00033064
293800 -0.000824445
294300 -0.000676809
294700 0.000459996
295200 -0.00034749
295700 -0.000327812
296200 -0.000516522
296600 -0.000269731
297100 0.000305011
297600 -0.000300757
298100 -0.00053573
298600 -6.45883e-05
299000 0.000472631
299500 -0.000313245
300000 0.000448498
300500 -0.00017637
301000 -0.000144984
301500 -0.000404034
301900 3.49815e-05
302400 1.15405e-05
302900 0.000497402
303400 0.000544976
303900 0.000385402
304400 0.000139926
304900 0.000207301
305400 0.000212691
305900 9.83427e-05
306400 -4.94608e-05
306800 0.000652057
307300 0.000237299
307800 0.000126163
308300 0.000639852
308800 0.000373657
309300 -0.000264999
309800 -0.000408013
310300 -0.000294549
310800 0.00035416
311300 -0.000156196
311800 0.000901817
312300 0.000275555
312800 -8.6613e-05
313300 -0.0006713
313800 -0.000151035
314400 -4.47426e-05
314900 9.46827e-06
315400 0.000232746
315900 -0.00016814
316400 0.000687509
316900 0.000462619
317400 0.00109543
317900 -0.000349879
318400 -0.000599383
318900 8.93914e-05
319500 0.000753801
320000 -0.000228876
320500 -0.000212488
321000 0.000206683
321500 -0.000802508
322000 -0.000327976
322600 -2.10312e-05
323100 -0.000309494
323600 0.000138348
324100 -0.000588308
324700 0.000249092
325200 -0.000668628
325700 0.00011877
326200 -9.61891e-05
326800 0.000208739
327300 -0.00043932
327800 0.000854752
328300 -0.000694093
328900 1.20976e-05
329400 -0.000584014
329900 0.000773073
330500 -0.000286694
331000 -0.000255798
331500 0.000423892
332100 -0.000345744
332600 -0.000148001
333100 -0.000158346
333700 -0.000101291
334200 0.000535756
334700 -0.000397936
335300 -0.000489906
335800 3.7597e-06
336400 -0.000469042
336900 0.000160929
337500 -0.000230917
338000 -9.63361e-05
338500 -0.000208619
339100 0.000324358
339600 0.000273208
340200 0.000243724
340700 -5.75088e-05
341300 -0.000302541
341800 -0.000657048
342400 0.000112427
342900 -0.000196424
343500 0.000244507
344000 -0.000300502
344600 -0.00037809
345200 0.000727894
345700 0.000256722
346300 8.50236e-06
346800 -0.000146231
347400 0.00051564
347900 0.000105984
348500 -0.000247124
349100 0.000135278
349600 6.49452e-05
350200 -2.50592e-05
350800 -0.000229028
351300 0.000427095
351900 0.000373238
352500 0.000591145
353000 5.24551e-05
353600 0.000526902
354200 0.00031889
354700 0.000105209
355300 -0.000215294
355900 0.000225662
356500 -0.000549865
357000 0.000167454
357600 -0.000480951
358200 -0.000166747
358800 -0.000151348
359300 0.000584985
359900 0.000514762
360500 9.61873e-05
361100 0.000205241
361700 -0.000394952
362300 0.000224081
362800 0.000580425
363400 2.2079e-05
364000 -0.000243248
364600 0.000130603
365200 0.000786089
365800 -0.000298808
366400 -0.000253622
367000 -0.000622204
367500 -0.000923346
368100 0.000387835
368700 -7.65335e-06
369300 0.000722612
369900 -0.000123982
370500 0.000596574
371100 -0.000580247
371700 -0.000297817
372300 -6.59096e-05
372900 0.000347797
373500 -1.18638e-05
374100 -0.000380518
374700 0.000580742
375300 -0.00017794
375900 0.000523176
376500 -0.000647208
377200 -0.000472431
377800 -0.000564606
378400 -5.79898e-05
379000 -0.000373024
379600 0.000497521
380200 -0.000142507
380800 -0.000484216
381400 0.00046921
382000 -0.00068661
382700 0.000536054
383300 -0.000313297
383900 -0.000517823
384500 0.000209376
385100 -5.43071e-05
385800 -0.000385025
386400 0.000409966
387000 -5.19345e-05
387600 0.000138742
388300 -0.000250958
388900 -0.000316381
389500 -0.00103559
390100 0.000562028
390800 -0.000403585
391400 -8.46151e-05
392000 -0.000141116
392700 2.24332e-05
393300 0.000130918
393900 0.000244119
394600 0.000272625
395200 -2.65899e-05
395800 -0.000316395
396500 0.000186504
397100 -0.000394495
397800 -0.000708112
398400 -5.2179e-05
399000 0.000300414
399700 0.000689023
400300 0.000671909
401000 7.70732e-05
401600 -0.000545195
402300 -0.000483404
402900 0.000570836
403600 -0.000217854
404200 0.00016609
404900 -0.000147088
405500 -0.000243639
406200 -0.000565752
406800 -0.000363706
407500 -0.000767478
408100 0.000514207
408800 0.000337797
409500 -0.000190367
410100 -0.000261038
410800 -0.000153674
411400 0.000381936
412100 0.00033274
412800 0.000722948
413400 0.000580757
414100 0.000110956
414800 3.14775e-05
415400 0.000248443
416100 0.00017561
416800 -0.00018024
417500 -9.45573e-05
418100 0.000333255
418800 2.04045e-05
419500 0.000770496
420200 0.000265687
420800 -0.0003333
421500 -0.000690868
422200 -0.000307306
422900 -0.000356174
423600 -0.000432438
424200 -0.000633867
424900 -7.7525e-05
425600 0.000341117
426300 0.000507765
427000 -0.000142634
427700 0.000345783
428400 -9.48019e-05
429100 0.000482988
429700 0.000243096
430400 3.07123e-05
431100 -0.000346531
431800 0.000226842
432500 -0.000489143
433200 -6.09592e-05
433900 -0.000972834
434600 -0.000168029
435300 -0.000567343
436000 9.50562e-05
436700 0.000735366
437400 -0.000268054
438100 0.000774444
438800 -0.000130272
439600 2.19559e-05
440300 -3.81539e-06
441000 -0.000128489
441700 0.000243673
442400 -0.000288061
443100 -0.000217511
443800 -0.000663104
444500 3.43374e-05
445300 -8.02938e-05
446000 -0.000258264
446700 -0.000120803
447400 0.000590574
448100 -0.000178062
448900 -0.000123181
449600 -0.0006789
450300 0.000370041
451000 0.000133056
451800 7.59045e-05
452500 0.000202005
453200 0.000305247
454000 -0.00128795
454700 -0.000284522
455400 -0.000147339
456200 0.000571237
456900 -0.000537261
457600 0.000127381
458400 -0.000690121
459100 0.000469505
459800 4.05254e-05
460600 -3.2756e-05
461300 -0.000183909
462100 -0.000309646
462800 -0.000715355
463600 -0.000114217
464300 0.000420987
465100 -0.000471799
465800 -8.95395e-05
466600 -0.000318629
467300 -0.000282728
468100 -0.000331972
468800 -0.000221743
469600 -0.000199559
470300 -1.6205e-05
471100 -0.000852509
471900 0.000960453
472600 0.000295351
473400 0.00012016
474100 0.000149189
474900 -0.000816735
475700 0.000145213
476400 0.000164876
477200 0.000133398
478000 0.000277934
478800 0.000154195
479500 -0.000437275
480300 0.000555048
481100 3.06965e-06
481900 8.48129e-05
482600 -0.000453412
483400 0.000123721
484200 -0.000127718
485000 -0.000179274
485800 0.000675254
486500 0.000412638
487300 0.000749809
488100 0.00025361
488900 0.000251001
489700 0.000738244
490500 9.9714e-06
491300 0.000343971
492100 -0.000930309
492800 -0.000681624
493600 -0.000940005
494400 6.80218e-05
495200 0.000406923
496000 -0.000181359
496800 7.84531e-05
497600 0.000192616
498400 0.000242887
499200 6.42172e-05
500000 -0.00017444
500900 0.000341355
501700 0.000710076
502500 -0.000657267
503300 0.000188792
504100 -0.000460755
504900 8.02311e-05
505700 -0.000342847
506500 0.000301806
507400 0.000917237
508200 0.000247372
509000 -0.000410048
509800 -0.000574091
510600 0.000755093
511500 -0.000431811
512300 9.61812e-05
513100 -0.000192423
513900 0.000132807
514800 0.000254347
515600 -3.14971e-05
516400 -0.000133612
517300 8.62442e-05
518100 -0.000146179
518900 0.00104665
519800 0.000307004
520600 -0.000257137
521500 -0.000776318
522300 7.04622e-05
523100 -0.000179922
524000 -0.000584324
524800 -0.000351701
525700 -0.000431261
526500 0.000388048
527400 4.18921e-05
528200 0.000349375
529100 0.000238266
529900 7.09549e-05
530800 0.000370683
531600 0.000238021
532500 -0.000432804
533400 0.000625678
534200 0.00087335
535100 9.25708e-05
535900 -1.23532e-05
536800 0.00104303
537700 -0.000573375
538500 -6.90636e-05
539400 7.18499e-05
540300 -0.000721979
541100 0.000340024
542000 9.75326e-05
542900 -0.000319291
543800 -0.000292516
544600 0.000458031
545500 -9.50363e-05
546400 -0.000504082
547300 0.0006886
548200 0.000132967
549100 -4.7932e-05
549900 0.000351894
550800 0.00101523
551700 -0.000749215
552600 0.000985482
553500 -0.000150695
554400 0.000326485
555300 0.000342299
556200 0.000203202
557100 -0.000558622
558000 -0.000228948
558900 0.000231994
559800 -0.000327001
560700 0.000736819
561600 -8.99137e-05
562500 -0.000177123
563400 0.000891023
564300 0.000631489
565200 -0.0004065
566100 0.000229164
567000 0.000506246
568000 -0.000309463
568900 0.000351073
569800 -0.000654654
570700 -0.000486417
571600 6.26905e-05
572600 0.000149639
573500 0.000107271
574400 -0.00114228
575300 -0.000415714
576300 -7.60843e-06
577200 0.00142341
578100 -0.00047489
579000 -0.000135226
580000 0.000202923
580900 0.000612725
581900 -0.000405591
582800 -3.23538e-05
583700 -0.000418629
584700 0.000520664
585600 0.00108899
586600 0.000316088
587500 -0.000416675
588500 0.00061024
589400 0.000635792
590400 0.000466305
591300 3.1353e-05
592300 -0.000282661
593200 -0.000181728
594200 0.000368448
595100 -0.000310079
596100 -0.00030082
597100 -0.00062987
598000 0.000237048
599000 -0.000556671
599900 2.00844e-05
600900 5.62651e-05
601900 -0.000222379
602900 -0.000365064
603800 -2.67084e-05
604800 -0.000215735
605800 -0.000322767
606800 -0.000261994
607700 0.000859733
608700 0.000946501
609700 0.000553166
610700 0.000333702
611700 0.000483961
612700 -0.000840359
613600 -0.000473207
614600 -0.000246559
615600 0.000559182
616600 0.000348735
617600 -0.000891029
618600 -0.000240916
619600 -0.000822387
620600 0.000417448
621600 -6.10546e-06
622600 0.000563468
623600 8.07902e-05
624600 0.000229497
625600 -0.000116983
626600 0.000630337
627600 0.000511646
628700 -0.0003474
629700 -0.000339122
630700 0.000840353
631700 -0.000387955
632700 7.41656e-05
633700 0.000386229
634800 0.000401948
635800 0.000509967
636800 -0.000704947
637800 -0.000171193
638900 0.000758638
639900 4.1535e-05
640900 0.000154314
642000 0.00115169
643000 -0.000424039
644000 -0.000256211
645100 0.000543898
646100 -0.00074983
647200 8.68464e-06
648200 0.000285592
649300 0.000707825
650300 0.00104972
651400 0.000159235
652400 -0.000574603
653500 -0.000663878
654500 -0.000441428
655600 -6.84807e-05
656600 -5.18229e-05
657700 -5.19887e-05
658700 0.000270302
659800 0.000254229
660900 -2.31699e-05
661900 0.000732479
663000 0.000803249
664100 -0.000974429
665100 0.000931901
666200 0.0002084
667300 0.000146339
668400 0.000112845
669400 -0.000386868
670500 -0.000570963
671600 0.00047583
672700 -0.000326814
673800 -0.000728541
674900 2.2958e-05
676000 0.000946284
677000 0.000559286
678100 0.000610238
679200 -8.57633e-05
680300 0.000386844
681400 0.00020528
682500 -0.000747179
683600 0.00100689
684700 -0.000533542
685800 0.000716033
686900 -0.000315553
688000 -0.000261317
689200 0.000921162
690300 0.00133056
691400 0.000403225
692500 0.000241879
693600 -0.000888229
694700 0.000361788
695800 -0.000120037
697000 -0.0001677
698100 0.000897729
699200 -0.00125426
700400 -5.52507e-05
701500 0.000248032
702600 0.0016437
703700 -0.000686004
704900 -0.000671803
706000 9.76484e-05
707200 -0.000991946
708300 -0.000658325
709400 -0.000208672
710600 -0.000610147
711700 0.000155489
712900 0.000616804
714000 0.000466358
715200 -0.00051885
716300 0.000136066
717500 0.000569566
718600 -6.06365e-05
719800 0.000305617
721000 0.00034378
722100 0.000369832
723300 -0.00037307
724500 0.000204977
725600 -0.00136322
726800 -0.000166367
728000 0.0012631
729100 0.000721995
730300 -0.000661393
731500 0.000125101
732700 -0.00029233
733900 -0.000140852
735000 -0.000685679
736200 -4.21971e-05
737400 -0.00010857
738600 5.33036e-05
739800 -0.000423566
741000 0.00085013
742200 -0.000666288
743400 0.000717399
744600 0.000135692
745800 -0.000205032
747000 -0.000305675
748200 0.000259851
749400 -0.000333568
750600 -0.000247711
751800 -0.00136673
753000 -0.000324942
754300 0.000992074
755500 -0.000907177
756700 2.52476e-05
757900 0.000543117
759100 0.000169081
760400 0.000947493
761600 -0.000192643
762800 -0.000496067
764000 -0.000564771
765300 0.000363781
766500 -0.000623819
767700 0.00052093
769000 0.000326021
770200 -9.92326e-05
771500 -0.000967821
772700 0.00156057
774000 0.000306409
775200 -0.000487179
776500 -0.000633221
777700 -0.000145227
779000 0.00104585
780200 0.000313759
781500 0.000655754
782700 0.000237405
784000 -4.14591e-06
785300 0.000680526
786500 -0.000194622
787800 -0.000806623
789100 -0.00172781
790300 0.000501976
791600 -0.000525304
792900 -0.000657709
794200 0.000400211
795500 -0.000754602
796700 0.000646296
798000 -0.000563265
799300 0.000349624
800600 -3.08198e-05
801900 -0.000176412
803200 0.000640317
804500 9.5899e-05
805800 -0.000989212
807100 0.000210037
808400 -0.000944669
809700 -0.000893346
811000 -0.0015855
812300 0.0011983
813600 8.8367e-05
814900 -0.000696071
816200 0.000461502
817600 0.000310723
818900 0.00102233
820200 0.000114196
821500 0.00111528
822800 -0.00135447
824200 0.00109519
825500 -4.90679e-05
826800 0.00134921
828200 -1.06803e-05
829500 0.000232856
830800 -7.6153e-05
832200 0.00164177
833500 0.00093953
834900 -0.00117661
836200 0.00099445
837600 -0.000432074
838900 0.000671422
840300 -0.000403507
841600 -0.00123149
843000 -0.00079648
844300 -0.000808749
845700 0.000515526
847100 0.000333967
848400 0.00053812
849800 -0.000522336
851200 0.000887164
852500 -0.00130441
853900 -0.000451772
855300 0.000525689
856700 0.000731113
858100 -0.000721675
859400 -0.000682763
860800 -0.000142529
862200 -0.000296734
863600 6.74377e-05
865000 -0.00042465
866400 0.000373249
867800 0.000788412
869200 0.000515783
870600 -0.00161195
872000 0.000731049
873400 -0.0012986
874800 0.000270717
876200 0.000404015
877600 -0.00164334
879100 0.00100466
880500 8.54063e-05
881900 0.00110277
883300 0.000535098
884700 9.48974e-05
886200 -0.000879177
887600 -0.00297268
889000 0.000513468
890500 -0.00160207
891900 -0.00180151
893300 0.00145779
894800 0.000583915
896200 -0.00174401
897700 -0.000617967
899100 0.000878271
900600 0.00189829
902000 0.000281518
903500 -0.000286975
904900 -2.38238e-05
906400 -0.000349847
907900 0.000728752
909300 -0.000819879
910800 -0.00209255
912300 5.84337e-05
913700 0.000232073
915200 -0.000260617
916700 0.00128695
918200 -0.000985042
919600 0.000755188
921100 0.000578175
922600 -0.00108755
924100 0.000429027
925600 -0.00131984
927100 0.000492606
928600 0.000884987
930100 -0.000492609
931600 -0.000340402
933100 -0.000695049
934600 0.0012203
936100 -0.00170781
937600 -0.000811237
939100 0.0013245
940600 0.000622728
942200 0.000289015
943700 -0.000198089
945200 0.000478411
946700 0.000876049
948200 0.000937507
949800 0.000803735
951300 0.000858987
952800 -0.00110938
954400 0.00105922
955900 -0.000428637
957500 0.000659689
959000 0.00463181
960600 0.00163517
962100 0.00124353
963700 0.00142793
965200 0.00117301
966800 -0.00265615
968300 -0.00110345
969900 -0.00542707
971500 0.000324263
973000 0.000307536
974600 -0.00105236
976200 0.000620276
977700 -0.000633439
979300 -0.00120933
980900 -0.00118118
982500 0.000818836
984100 0.00249348
985600 -0.00191791
987200 -8.57327e-05
988800 -0.00666958
990400 0.00038726
992000 -0.00474198
993600 -0.00060253
995200 -0.00141198
996800 0.000942894
998400 -0.00888455
1e+06 -0.0341045
