% q = 6.283
lag_time F_qt
0 1
0.1 0.894857
0.2 0.747567
0.3 0.628919
0.4 0.539439
0.5 0.470334
0.6 0.415608
0.7 0.370784
0.8 0.333258
0.9 0.301376
1 0.274097
1.1 0.250412
1.2 0.229371
1.3 0.210716
1.4 0.194385
1.5 0.179828
1.6 0.166826
1.7 0.155216
1.8 0.144493
1.9 0.134878
2 0.126424
2.1 0.118633
2.2 0.11152
2.3 0.105121
2.4 0.0991385
2.5 0.0934883
2.6 0.0882651
2.7 0.0835506
2.8 0.0792768
2.9 0.0754376
3 0.0716951
3.1 0.0678589
3.2 0.0639623
3.3 0.06065
3.4 0.0578468
3.5 0.0551274
3.6 0.0526633
3.7 0.0505407
3.8 0.0489465
3.9 0.0476029
4 0.0460734
4.1 0.0442439
4.2 0.0420812
4.3 0.0400176
4.4 0.038011
4.5 0.0360949
4.6 0.0340244
4.7 0.0319507
4.8 0.0300327
4.9 0.0281419
5 0.0265683
5.1 0.0254022
5.2 0.0241147
5.3 0.0228613
5.4 0.0219134
5.5 0.0208862
5.6 0.020055
5.7 0.0193874
5.8 0.0187747
5.9 0.0186014
6 0.0185235
6.1 0.0179496
6.2 0.0170312
6.3 0.0160835
6.4 0.0157374
6.5 0.0159441
6.6 0.0159518
6.7 0.0156025
6.8 0.0152445
6.9 0.0149969
7 0.0145981
7.1 0.0140892
7.2 0.0133492
7.3 0.0124979
7.4 0.0114354
7.5 0.0103837
7.6 0.00946742
7.7 0.00890253
7.8 0.00851706
7.9 0.00806134
8 0.00750841
8.1 0.00697047
8.2 0.0066964
8.3 0.00640451
8.4 0.00627821
8.5 0.00641036
8.6 0.00641365
8.7 0.00629153
8.8 0.00618567
8.9 0.00660456
9 0.00728831
9.1 0.00787925
9.2 0.00821838
9.3 0.00835959
9.4 0.0083299
9.5 0.00820157
9.6 0.00811848
9.7 0.00781681
9.8 0.00748489
9.9 0.00693298
10 0.0061892
10.1 0.00529441
10.2 0.00441666
10.3 0.00388748
10.4 0.0035321
10.5 0.00338145
10.6 0.00337477
10.7 0.00345022
10.8 0.00355304
10.9 0.00343924
11 0.0031555
11.1 0.00317416
11.2 0.00337057
11.3 0.003477
11.4 0.00352088
11.5 0.0038863
11.6 0.00454809
11.7 0.00550289
11.8 0.00647685
11.9 0.00706589
12 0.00728885
12.1 0.00734564
12.2 0.00749541
12.3 0.00765976
12.4 0.00771636
12.5 0.00760033
12.6 0.00711214
12.7 0.00686187
12.8 0.0064928
12.9 0.00617854
13 0.00571707
13.1 0.00544204
13.2 0.00494122
13.3 0.00421851
13.4 0.00346095
13.5 0.00264432
13.6 0.00203687
13.7 0.00179643
13.8 0.00177241
13.9 0.00207937
14 0.00247833
14.1 0.00265222
14.2 0.00284359
14.3 0.00284486
14.4 0.00264273
14.5 0.00221723
14.6 0.00180538
14.7 0.00183081
14.8 0.0024565
14.9 0.00337095
15 0.00402897
15.1 0.00475254
15.2 0.00545826
15.3 0.00580352
15.4 0.00577748
15.5 0.00534976
15.6 0.00485483
15.7 0.0046053
15.8 0.00486655
15.9 0.00513885
16 0.00539638
16.1 0.00524658
16.2 0.00485628
16.3 0.00475948
16.4 0.00480255
16.5 0.00486583
16.6 0.00467486
16.7 0.00434408
16.8 0.00427169
16.9 0.00390444
17 0.00367416
17.1 0.00375537
17.2 0.00397876
17.3 0.0039485
17.4 0.00345744
17.5 0.00282445
17.6 0.00217116
17.7 0.00171177
17.8 0.00133927
17.9 0.000717539
18 -0.000101566
18.1 -0.000785873
18.2 -0.00137169
18.3 -0.00140803
18.4 -0.0012187
18.5 -0.00113608
18.6 -0.00132933
18.7 -0.00150297
18.8 -0.00168992
18.9 -0.00166696
19 -0.00170229
19.1 -0.00140077
19.2 -0.000977362
19.3 -0.000815866
19.4 -0.000829272
19.5 -0.00100181
19.6 -0.00149121
19.7 -0.00198818
19.8 -0.00211573
19.9 -0.00236697
20 -0.0027025
20.1 -0.00270781
20.2 -0.00209802
20.3 -0.00129487
20.4 -0.000727805
20.5 -0.00073626
20.6 -0.000904575
20.7 -0.00118201
20.8 -0.00164092
20.9 -0.00211778
21 -0.00253751
21.1 -0.00278839
21.2 -0.00301229
21.3 -0.00335146
21.4 -0.00404655
21.5 -0.00449848
21.6 -0.00460274
21.7 -0.00444212
21.8 -0.00421374
21.9 -0.00441549
22 -0.0047349
22.1 -0.0047527
22.2 -0.00422981
22.3 -0.00343824
22.4 -0.00305491
22.5 -0.0027773
22.6 -0.00263994
22.7 -0.00280217
22.8 -0.00238895
22.9 -0.00162416
23 -0.000984134
23.1 -0.00062578
23.2 -0.000452639
23.3 0.000206137
23.4 0.00133757
23.5 0.00223396
23.6 0.00261745
23.7 0.00303991
23.8 0.00352203
23.9 0.00418866
24 0.00460994
24.1 0.00472168
24.2 0.00493832
24.3 0.00527862
24.4 0.00566824
24.5 0.00595867
24.6 0.00583143
24.7 0.00561786
24.8 0.00551229
24.9 0.00545809
25 0.00549267
25.1 0.00530325
25.2 0.00483317
25.3 0.00468443
25.4 0.00477395
25.5 0.00480139
25.6 0.00501415
25.7 0.0054735
25.8 0.00598746
25.9 0.00622763
26 0.00635689
26.1 0.00662929
26.2 0.00708943
26.3 0.00723559
26.4 0.00699845
26.5 0.00634217
26.6 0.00576204
26.7 0.0054317
26.8 0.00508741
26.9 0.00475919
27 0.0048405
27.1 0.00505095
27.2 0.00514233
27.3 0.00526813
27.4 0.00552778
27.5 0.00575975
27.6 0.00557712
27.7 0.00535999
27.8 0.00567453
27.9 0.00651503
28 0.00706732
28.1 0.00687146
28.2 0.00635915
28.3 0.00560874
28.4 0.00473808
28.5 0.004169
28.6 0.00385524
28.7 0.00346724
28.8 0.00287954
28.9 0.0020744
29 0.00140815
29.1 0.00107308
29.2 0.000850109
29.3 0.000666054
29.4 0.000864557
29.5 0.00120487
29.6 0.00142818
29.7 0.00163732
29.8 0.00185894
29.9 0.00211124
30 0.00221426
30.1 0.00199561
30.2 0.00128193
30.3 0.000821971
30.4 0.0010252
30.5 0.00127877
30.6 0.00139996
30.7 0.0012245
30.8 0.00111815
30.9 0.00136333
31 0.00178899
31.1 0.00189946
31.2 0.00192267
31.3 0.00179933
31.4 0.00207128
31.5 0.00248181
31.6 0.00288074
31.7 0.00323441
31.8 0.00353261
31.9 0.00394713
32 0.00441016
32.1 0.00488926
32.2 0.0056146
32.3 0.00621422
32.4 0.00640481
32.5 0.00665969
32.6 0.00734461
32.7 0.00797962
32.8 0.00825656
32.9 0.00791752
33 0.00699012
33.1 0.00622982
33.2 0.00587138
33.3 0.00567274
33.4 0.005445
33.5 0.00512501
33.6 0.00497316
33.7 0.00527553
33.8 0.00532027
33.9 0.00517232
34 0.00508447
34.1 0.0048963
34.2 0.00464677
34.3 0.0045137
34.4 0.00467729
34.5 0.00478251
34.6 0.00477348
34.7 0.00468702
34.8 0.0044739
34.9 0.00439681
35 0.00419709
35.1 0.00336976
35.2 0.00223094
35.3 0.00106278
35.4 0.000332855
35.5 0.000312437
35.6 0.00013676
35.7 -0.00034734
35.8 -0.000938331
35.9 -0.0016184
36 -0.0020726
36.1 -0.00198808
36.2 -0.00191295
36.3 -0.00169471
36.4 -0.00179193
36.5 -0.00212699
36.6 -0.00216287
36.7 -0.00199821
36.8 -0.0018729
36.9 -0.00184631
37 -0.00190643
37.1 -0.00183449
37.2 -0.00159078
37.3 -0.00170146
37.4 -0.00191447
37.5 -0.00199122
37.6 -0.00186806
37.7 -0.00155645
37.8 -0.00104415
37.9 -0.00029626
38 0.000215262
38.1 -0.00018848
38.2 -0.00103009
38.3 -0.00185651
38.4 -0.00245693
38.5 -0.00268919
38.6 -0.00272013
38.7 -0.00255589
38.8 -0.00226579
38.9 -0.00144882
39 -0.000149801
39.1 0.00107832
39.2 0.00154032
39.3 0.00182123
39.4 0.00173972
39.5 0.00117455
39.6 0.000209537
39.7 -0.000887885
39.8 -0.00186853
39.9 -0.00275921
40 -0.00371373
40.1 -0.00446849
40.2 -0.00492923
40.3 -0.00553936
40.4 -0.00641355
40.5 -0.00654503
40.6 -0.00591208
40.7 -0.0052862
40.8 -0.00462989
40.9 -0.00409389
41 -0.00367603
41.1 -0.0035076
41.2 -0.00351991
41.3 -0.00382288
41.4 -0.00414049
41.5 -0.00442986
41.6 -0.00487225
41.7 -0.00525567
41.8 -0.00546843
41.9 -0.00572368
42 -0.00592943
42.1 -0.0062929
42.2 -0.00685179
42.3 -0.00747483
42.4 -0.0079265
42.5 -0.00798288
42.6 -0.00782854
42.7 -0.00749617
42.8 -0.0070425
42.9 -0.00680087
43 -0.00638042
43.1 -0.00543083
43.2 -0.00455927
43.3 -0.00389105
43.4 -0.00398676
43.5 -0.00414217
43.6 -0.00406662
43.7 -0.00389044
43.8 -0.00423532
43.9 -0.00487231
44 -0.00563947
44.1 -0.00629731
44.2 -0.00687715
44.3 -0.00700233
44.4 -0.00674236
44.5 -0.00600783
44.6 -0.00548824
44.7 -0.00580381
44.8 -0.00618023
44.9 -0.00610765
45 -0.00568838
45.1 -0.00505711
45.2 -0.00415328
45.3 -0.00303979
45.4 -0.00229791
45.5 -0.0020917
45.6 -0.00195052
45.7 -0.00208379
45.8 -0.00264898
45.9 -0.00348003
46 -0.00396019
46.1 -0.00375658
46.2 -0.00338869
46.3 -0.00315615
46.4 -0.00333376
46.5 -0.00330227
46.6 -0.00332919
46.7 -0.00343238
46.8 -0.00374961
46.9 -0.00393696
47 -0.00364973
47.1 -0.00301153
47.2 -0.00205677
47.3 -0.00105369
47.4 0.000115528
47.5 0.00103644
47.6 0.00160468
47.7 0.00233494
47.8 0.00265132
47.9 0.0028132
48 0.00287393
48.1 0.00279436
48.2 0.00269936
48.3 0.00253762
48.4 0.00227777
48.5 0.00224172
48.6 0.00202393
48.7 0.00148994
48.8 0.00087522
48.9 0.000458408
49 0.000496858
49.1 0.000443626
49.2 -0.00028817
49.3 -0.000709919
49.4 -0.000167015
49.5 0.000207452
49.6 -0.000218784
49.7 -0.00110803
49.8 -0.00198914
49.9 -0.00234965
50 -0.00212494
50.1 -0.00215237
50.2 -0.00241104
50.3 -0.00246036
50.4 -0.00213454
50.5 -0.00220186
50.6 -0.00294921
50.7 -0.00365852
50.8 -0.00421011
50.9 -0.00433984
51 -0.00423261
51.1 -0.00404139
51.2 -0.00388353
51.3 -0.00381593
51.4 -0.00385948
51.5 -0.00419681
51.6 -0.00439388
51.7 -0.00455751
51.8 -0.00432595
51.9 -0.00405895
52 -0.00406072
52.1 -0.00376998
52.2 -0.00326524
52.3 -0.00292262
52.4 -0.00266849
52.5 -0.0028985
52.6 -0.0028369
52.7 -0.00251296
52.8 -0.00235545
52.9 -0.00198055
53 -0.00147047
53.1 -0.000995735
53.2 -0.000654471
53.3 -0.000181657
53.4 0.00043753
53.5 0.00114094
53.6 0.00148383
53.7 0.00156675
53.8 0.00179583
53.9 0.00208719
54 0.0018891
54.1 0.00150508
54.2 0.00159992
54.3 0.0013801
54.4 0.00130757
54.5 0.00157225
54.6 0.0017018
54.7 0.00194598
54.8 0.00223373
54.9 0.00250901
55 0.00279439
55.1 0.00278633
55.2 0.00241589
55.3 0.00192698
55.4 0.00168351
55.5 0.00152085
55.6 0.00131208
55.7 0.00107622
55.8 0.000929367
55.9 0.00115894
56 0.00151358
56.1 0.00142095
56.2 0.00128031
56.3 0.00165982
56.4 0.00228091
56.5 0.00267995
56.6 0.00332093
56.7 0.0039884
56.8 0.00456181
56.9 0.00465848
57 0.00456642
57.1 0.00432272
57.2 0.00388606
57.3 0.00394389
57.4 0.00454017
57.5 0.00492155
57.6 0.00493771
57.7 0.00480693
57.8 0.00514523
57.9 0.00531933
58 0.00506421
58.1 0.00467721
58.2 0.00406815
58.3 0.00286557
58.4 0.00168253
58.5 0.000680446
58.6 -5.39355e-06
58.7 -0.000257588
58.8 1.98066e-06
58.9 0.000640663
59 0.00162807
59.1 0.00264757
59.2 0.00329686
59.3 0.00338746
59.4 0.00281114
59.5 0.00217677
59.6 0.00168353
59.7 0.00119482
59.8 0.000735342
59.9 0.00061661
60 0.000669256
60.1 0.000735914
60.2 0.000689264
60.3 0.000557669
60.4 0.000363265
60.5 0.000179158
60.6 0.000510889
60.7 0.000736983
60.8 0.000608548
60.9 0.000109758
61 -0.000280234
61.1 -0.000455344
61.2 -0.00096511
61.3 -0.00142697
61.4 -0.00167762
61.5 -0.00152352
61.6 -0.000802756
61.7 0.000228457
61.8 0.00125521
61.9 0.00147825
62 0.00172131
62.1 0.0019476
62.2 0.00172681
62.3 0.000915584
62.4 4.88073e-05
62.5 -0.000440559
62.6 -0.000462434
62.7 -0.000124913
62.8 0.000381183
62.9 0.000638443
63 0.000151829
63.1 -0.000942523
63.2 -0.00254491
63.3 -0.00415362
63.4 -0.00503125
63.5 -0.00534446
63.6 -0.00600426
63.7 -0.00679604
63.8 -0.00712648
63.9 -0.00753526
64 -0.00798778
64.1 -0.00816167
64.2 -0.00814041
64.3 -0.00762265
64.4 -0.00704399
64.5 -0.00669857
64.6 -0.00666251
64.7 -0.00711166
64.8 -0.00749691
64.9 -0.00736139
65 -0.00713439
65.2 -0.00589498
65.3 -0.00491554
65.4 -0.00407864
65.5 -0.00338579
65.6 -0.00255506
65.7 -0.00160578
65.8 -0.00116129
65.9 -0.00143507
66 -0.00205694
66.1 -0.00179062
66.2 -0.00084983
66.3 0.000125765
66.4 0.000561842
66.5 0.000180077
66.6 -0.000280537
66.7 -0.000213146
66.9 0.000688702
67 0.000670963
67.1 0.000500415
67.2 0.000516787
67.3 0.00086953
67.4 0.00146333
67.5 0.00216243
67.6 0.00241186
67.7 0.00250726
67.8 0.00286483
67.9 0.00378184
68 0.00472001
68.2 0.00668578
68.3 0.007778
68.4 0.00865113
68.5 0.00914356
68.6 0.00862542
68.7 0.00776466
68.8 0.0063499
68.9 0.00455746
69 0.00212426
69.2 -0.00186702
69.3 -0.00269727
69.4 -0.0038213
69.5 -0.00526399
69.6 -0.0060897
69.7 -0.00667923
69.8 -0.00661647
69.9 -0.00569603
70 -0.0048666
70.2 -0.00425098
70.3 -0.00419588
70.4 -0.0040009
70.5 -0.00407041
70.6 -0.00387345
70.7 -0.00330998
70.8 -0.00260095
71 -0.00292517
71.1 -0.00288966
71.2 -0.00335232
71.3 -0.00405183
71.4 -0.00497259
71.5 -0.00558663
71.6 -0.00578163
71.8 -0.00425147
71.9 -0.0032425
72 -0.00233425
72.1 -0.00182361
72.2 -0.00195888
72.3 -0.00227068
72.5 -0.00201454
72.6 -0.00148955
72.7 -0.000491284
72.8 0.000432087
72.9 0.00120465
73 0.00105
73.2 -0.00195263
73.3 -0.0031947
73.4 -0.00347232
73.5 -0.00327065
73.6 -0.00341449
73.8 -0.00548452
73.9 -0.00612489
74 -0.00621307
74.1 -0.00567723
74.2 -0.00436074
74.3 -0.00248415
74.5 0.000844771
74.6 0.00166842
74.7 0.00233468
74.8 0.00263894
75 0.00393509
75.1 0.00380012
75.2 0.00391435
75.3 0.00406517
75.4 0.00381191
75.6 0.000870829
75.7 -0.000850451
75.8 -0.00259591
75.9 -0.00387496
76 -0.00493488
76.2 -0.00597921
76.3 -0.00644495
76.4 -0.00692792
76.5 -0.00794457
76.7 -0.0105583
76.8 -0.0104124
76.9 -0.00953048
77 -0.00817216
77.2 -0.00435663
77.3 -0.00137375
77.4 0.000832424
77.5 0.00209265
77.7 0.00222281
77.8 0.00234951
77.9 0.0027587
78 0.00273668
78.2 0.000887326
78.3 0.000391174
78.4 0.000339617
78.5 0.000123611
78.7 0.000227851
78.8 -0.000509207
78.9 -0.000865482
79 -0.000537501
79.2 -0.000125978
79.3 -0.000126836
79.4 0.000449072
79.6 0.000302998
79.7 -0.000626587
79.8 -0.0008218
79.9 -0.000753945
80.1 -0.00133086
80.2 -0.00233979
80.3 -0.00336747
80.5 -0.00420694
80.6 -0.00367902
80.7 -0.00346595
80.8 -0.0026717
81 -0.000185122
81.1 0.0012157
81.2 0.00196706
81.4 0.00402773
81.5 0.00601881
81.6 0.00770025
81.8 0.00850381
81.9 0.00935479
82 0.0101425
82.2 0.0122335
82.3 0.0130456
82.4 0.0137603
82.6 0.0121429
82.7 0.0104634
82.8 0.00913306
83 0.00580858
83.1 0.00485489
83.2 0.00413175
83.4 0.00391946
83.5 0.00453669
83.6 0.00543978
83.8 0.00634664
83.9 0.00616102
84 0.00611058
84.2 0.00664637
84.3 0.00780242
84.4 0.00889982
84.6 0.0111633
84.7 0.0112104
84.8 0.0106412
85 0.00926622
85.1 0.00912203
85.3 0.00751123
85.4 0.00625286
85.5 0.00495661
85.7 0.00605818
85.8 0.00804095
86 0.010511
86.1 0.0105261
86.2 0.0106143
86.4 0.0112899
86.5 0.0127763
86.6 0.014431
86.8 0.0151008
86.9 0.0145866
87.1 0.0158425
87.2 0.0150665
87.3 0.012592
87.5 0.00744042
87.6 0.0054424
87.8 0.00322801
87.9 0.00400337
88.1 0.00518064
88.2 0.00514657
88.3 0.0046937
88.5 0.00458505
88.6 0.00518654
88.8 0.00652048
88.9 0.00734717
89.1 0.00965995
89.2 0.0101671
89.3 0.00929659
89.5 0.00349232
89.6 0.0010206
89.8 -0.000345254
89.9 -0.000410443
90.1 0.000936341
90.2 0.00178147
90.4 0.00418968
90.5 0.00399594
90.6 0.0039268
90.8 0.00385323
90.9 0.00344887
91.1 0.000827998
91.2 -0.000250803
91.4 -0.000342962
91.5 -0.00137094
91.7 -0.00357349
91.8 -0.0041379
92 -0.00447756
92.1 -0.00533705
92.3 -0.00642667
92.4 -0.0054659
92.6 -0.00334833
92.7 -0.00446803
92.9 -0.00581062
93 -0.00484024
93.2 -0.0039996
93.3 -0.00235788
93.5 0.000822811
93.6 0.00229782
93.8 0.00293939
93.9 0.00124702
94.1 -0.00231835
94.2 -0.00308981
94.4 -0.00252746
94.5 -0.0031986
94.7 -0.00931982
94.8 -0.00945426
95 -0.00470285
95.1 -0.00343744
95.3 -0.0050899
95.4 -0.00463077
95.6 -0.000945847
95.7 0.00047263
95.9 0.00137898
96.1 0.00882157
96.2 0.0108643
96.4 0.0135671
96.5 0.0122527
96.7 0.00510198
96.8 0.00122933
97 -0.000517053
97.1 0.00137637
97.3 0.00617962
97.5 0.00862508
97.6 0.00664828
97.8 -0.00102817
97.9 -0.00422635
98.1 -0.00573743
98.2 -0.00424188
98.4 -0.00533314
98.6 -0.00980646
98.7 -0.00998097
98.9 -0.00678811
99 -0.00340059
99.2 -4.15556e-05
99.4 -0.00361895
99.5 -0.00246299
99.7 -0.0154177
99.8 -0.0144372
100 0.00133348
200 -0.000242852
300 4.79617e-05
400 -0.000171396
500 0.000330625
600 -7.30847e-05
700 0.000115198
800 -0.00072852
900 -0.000522077
1000 -0.000405169
1100 0.000202247
1200 0.000642457
1300 0.000382652
1400 0.000487756
1500 -3.72456e-05
1600 -0.000295133
1700 0.00029736
1800 -0.000225666
1900 0.000114306
2000 -0.000129326
2100 -0.000669738
2200 0.000123371
2300 1.96403e-05
2400 -6.13394e-05
2500 9.84264e-05
2600 -0.000323284
2700 -0.000396353
2800 -3.00392e-05
2900 0.000231627
3000 -0.00101599
3100 0.000313386
3200 -0.000712231
3300 -0.000170355
3400 0.000504312
3500 -0.000219486
3600 0.000119884
3700 -7.39374e-05
3800 -0.000520186
3900 7.40639e-06
4000 0.000181594
4100 -0.000213929
4200 5.90863e-05
4300 -0.00028217
4400 -0.000129004
4500 0.000497111
4600 -7.99288e-05
4700 -4.59767e-05
4800 -0.000426301
4900 0.000251724
5000 0.000104589
5100 1.51608e-05
5200 -8.16842e-05
5300 0.000577709
5400 -0.000138562
5500 4.92532e-05
5600 1.54981e-06
5700 -0.000341128
5800 0.000288423
5900 -0.000113018
6000 7.40798e-05
6100 -0.000213533
6200 0.00026151
6300 0.000437966
6400 5.7939e-05
6500 -9.60832e-07
6600 5.32793e-05
6700 0.000342726
6800 -0.000180257
6900 0.000106204
7000 0.000168496
7100 -0.00024964
7200 0.000157517
7300 0.000181274
7400 0.00026389
7500 0.000373323
7600 -0.000355497
7700 4.95698e-05
7800 -0.000340073
7900 0.000378554
8000 0.000345723
8100 -0.000349208
8200 -9.12679e-05
8300 0.000409158
8400 0.000132747
8500 0.000122438
8600 -6.59529e-05
8700 -0.000272088
8800 0.000100055
8900 0.000267331
9000 0.000472419
9100 3.17628e-05
9200 -8.29012e-05
9300 -0.000565884
9400 0.000376622
9500 -0.000130294
9600 2.0957e-05
9700 0.000204618
9800 -0.00032774
9900 -0.000278609
10000 0.000113232
10100 -0.000241357
10200 0.000121577
10300 0.000603158
10400 -0.00028647
10500 -0.000445923
10600 0.000209678
10700 -0.000304466
10800 -0.000275048
10900 -0.000139867
11000 -7.8754e-05
11100 0.000446408
11200 0.000187899
11300 0.000217188
11400 0.000622323
11500 0.000440804
11600 0.000120419
11700 -0.000212302
11800 0.000261889
11900 0.000363227
12000 -0.000236209
12100 0.000368287
12200 -0.000552377
12300 0.000426948
12400 4.56388e-05
12500 8.97745e-05
12600 -0.000387574
12700 4.15063e-05
12800 -0.000221324
12900 0.00021441
13000 0.000143869
13100 5.32156e-06
13200 0.000539037
13300 -0.000110094
13400 -9.98179e-05
13500 -0.000243693
13600 -0.000480865
13700 0.000639647
13800 -0.000208942
13900 0.000299401
14000 -0.000381681
14100 0.000486472
14200 0.000128384
14300 -0.000175832
14400 -3.56251e-05
14500 -0.000454084
14600 -0.000209989
14700 -0.000385473
14800 0.000273758
14900 0.000330733
15000 -2.05502e-05
15100 0.000223877
15200 -2.268e-05
15300 -0.000242012
15400 0.000391776
15500 0.000128286
15600 -4.68495e-05
15700 0.000266238
15800 -0.000567238
15900 -0.000290839
16000 -0.000385382
16100 -0.000369183
16200 0.000216016
16300 -0.000157324
16400 0.000119556
16500 0.000368338
16600 0.000409733
16700 0.000184561
16800 0.000227547
16900 -0.000272638
17000 -1.93518e-05
17100 0.00041201
17200 0.000114103
17300 -0.000306557
17400 0.000315855
17500 7.1796e-05
17600 0.000309807
17700 -0.000364305
17800 -0.000360681
17900 0.000113295
18000 -0.000248271
18100 -0.000302191
18200 -8.47579e-05
18300 0.000318986
18400 -0.000227959
18500 8.83047e-05
18600 0.000498048
18700 -2.13381e-05
18800 -0.000400402
18900 -0.000310414
19000 1.05531e-05
19100 0.000111055
19200 -9.96795e-05
19300 0.000139341
19400 -4.7059e-05
19500 0.000102775
19600 2.99667e-05
19700 0.000209337
19800 -0.000322432
19900 -2.98553e-05
20000 -0.000589387
20100 0.000242728
20200 8.56208e-05
20300 0.000904889
20400 4.54191e-05
20500 -0.000334343
20600 7.47947e-05
20700 -0.000121844
20800 0.000382577
20900 -0.000161264
21000 -0.000544761
21100 0.000249868
21200 -5.00409e-05
21300 0.000421282
21400 0.000109724
21500 0.000165415
21600 -0.000799867
21700 0.000270412
21800 0.000379537
21900 -0.000212225
22000 0.000219574
22100 -0.000353889
22200 -0.000671925
22300 1.88686e-05
22400 0.000237898
22500 -0.000131258
22600 -0.000133804
22700 0.000272634
22800 -0.00024519
22900 0.000371417
23000 -0.000603174
23100 -0.000167956
23200 -0.000220491
23300 -2.59718e-05
23400 -1.90168e-05
23500 -0.000589253
23600 -3.7167e-05
23700 0.000125742
23800 0.000280243
23900 -0.000185174
24000 0.000159412
24100 6.38906e-05
24200 0.000215212
24300 0.000640161
24400 0.000170686
24500 0.000456935
24600 6.1968e-05
24700 -4.51912e-05
24800 -0.00029575
24900 -7.03923e-05
25000 0.000178149
25100 -0.000105502
25200 -0.00010859
25300 -0.000326948
25400 0.000264179
25500 0.00105508
25600 -8.77609e-05
25700 0.000468219
25800 -8.18991e-05
25900 7.75534e-05
26000 9.06363e-05
26100 -0.000252101
26200 0.000420296
26300 0.000451661
26400 -0.000151159
26500 0.000241638
26600 0.000569536
26700 -0.000631728
26800 -1.45553e-05
26900 2.75484e-06
27000 -0.000148786
27100 -2.61532e-05
27200 0.000375748
27300 -0.000435393
27400 0.000253688
27500 9.93267e-05
27600 -0.000269697
27700 0.000210066
27800 -0.000305134
27900 -0.00035537
28000 0.000356306
28100 0.000207645
28200 -0.000165982
28300 0.000769483
28400 0.000130693
28500 0.000323414
28600 -0.000123321
28700 -0.000374363
28800 -6.83105e-05
28900 0.000150857
29000 -0.000240948
29100 3.07784e-05
29200 -0.000212994
29300 0.000301025
29400 -7.55023e-05
29500 -0.000277974
29600 -0.000470512
29700 -8.91944e-05
29800 0.000534359
29900 -0.000374844
30000 -9.75957e-05
30100 -0.000161655
30200 0.000248796
30300 7.86561e-05
30400 0.000163803
30500 -0.000100073
30600 -0.000831798
30700 -5.70558e-05
30800 -0.00032458
30900 3.55491e-05
31000 5.44037e-06
31100 -0.000670926
31200 -0.000572758
31300 0.000427649
31400 5.96807e-05
31500 -0.000109728
31600 -0.000174493
31700 3.5507e-05
31800 9.47177e-06
31900 -0.000581148
32000 2.37511e-05
32100 -8.08013e-05
32200 -6.8838e-05
32300 -7.70821e-05
32400 -0.00120098
32500 0.000383121
32600 -4.41103e-05
32700 -0.000172276
32800 -0.000127552
32900 0.000196759
33000 0.00019224
33100 -1.16605e-05
33200 0.000269285
33300 -0.000248755
33400 0.000454693
33500 0.000225819
33600 -0.000307355
33700 1.0663e-05
33800 -0.000125947
33900 0.000256222
34000 0.000258785
34100 -0.000182264
34200 -0.000217282
34300 4.23073e-05
34400 0.000372478
34500 0.000478005
34600 0.000320055
34700 0.000606373
34800 0.00061929
34900 0.000485624
35000 0.000417099
35100 -0.000159316
35200 0.000155608
35300 9.97088e-05
35400 -6.45599e-05
35500 -0.000251717
35600 0.000720883
35700 -0.00028702
35800 -0.000187041
35900 -5.66658e-05
36000 0.000122141
36100 0.000408206
36200 -4.18841e-05
36300 0.00021937
36400 0.000234107
36500 0.000328415
36600 -3.11604e-05
36700 -0.000668526
36800 -0.000592925
36900 0.000222829
37000 0.00039343
37100 6.55248e-05
37200 -0.000331878
37300 -5.3265e-05
37400 0.000944232
37500 -4.86544e-05
37600 0.000141298
37700 -4.18839e-05
37800 6.84136e-05
37900 0.000610022
38000 0.000231968
38100 -0.000124071
38200 -0.000448061
38300 5.87168e-05
38400 0.000593063
38500 -0.000125519
38600 -0.000432892
38700 0.000518802
38800 0.000293796
38900 -0.000267656
39000 5.80225e-05
39100 -0.000187354
39200 0.000302334
39300 -0.000450422
39400 3.64875e-05
39500 -0.000170535
39600 -0.000318877
39700 0.00025536
39800 0.000100514
39900 0.000340512
40000 -0.000216385
40100 6.96416e-05
40200 -0.000362911
40300 -0.000277318
40400 0.000328524
40500 0.000347099
40600 -0.000260138
40700 -2.48925e-05
40800 -0.000261236
40900 0.000273176
41000 -0.000191553
41100 6.28334e-05
41200 -4.85394e-05
41300 -0.000367166
41400 0.000874238
41500 0.000133539
41600 -0.00026573
41700 0.000800921
41800 -0.000459859
41900 1.29942e-05
42000 -4.46633e-05
42100 -0.000323739
42200 0.000395959
42300 -0.000687704
42400 -8.56277e-05
42500 0.000380674
42600 -0.000260358
42700 -0.000147994
42800 -0.000180939
42900 0.000540676
43000 0.00024903
43100 -0.000665628
43200 -0.00064065
43300 0.00017346
43400 -4.96378e-05
43500 0.000264995
43600 -0.000396657
43700 0.000465171
43800 -0.000313774
43900 0.000267042
44000 0.000297652
44100 0.000407386
44200 -0.000283468
44300 5.29382e-05
44400 -0.000602465
44500 0.000104667
44600 -0.000742836
44700 0.000169453
44800 0.000222324
44900 0.000114223
45000 0.00011521
45100 0.00019065
45200 -0.000186802
45300 -0.000340458
45400 2.33934e-05
45500 -0.000352608
45600 -0.0003633
45700 -0.000346273
45800 -0.000221328
45900 0.000301161
46000 -0.000190887
46100 3.44361e-05
46200 -2.60636e-05
46300 0.00033262
46400 0.000242765
46500 0.000145415
46600 -0.000208168
46700 0.000284927
46800 0.000306463
46900 3.37188e-05
47000 -0.000807868
47100 -0.000915932
47200 -0.000935442
47300 0.00034494
47400 0.000580718
47500 0.000484328
47600 0.0003993
47700 7.98641e-05
47800 0.000103951
47900 3.32317e-05
48000 -0.000258572
48100 0.00044802
48200 -0.000239987
48300 -0.000155466
48400 0.000337387
48500 9.20535e-05
48600 0.000458648
48700 -0.000330217
48800 -9.91025e-05
48900 0.000273075
49000 0.000120322
49100 -9.38502e-05
49200 -0.000252976
49300 -0.000598584
49400 0.000776267
49500 -0.000535911
49600 0.000428237
49700 -0.000220488
49800 -0.000489663
49900 -0.000354705
50000 -0.000505528
50100 -0.000122732
50200 4.53139e-05
50300 0.000156745
50400 -0.000497885
50500 -0.000237672
50600 -0.000482827
50700 0.000212025
50800 -0.000978753
50900 -0.000259174
51000 0.000462653
51100 -0.000428004
51200 -8.17818e-05
51300 0.000114141
51400 0.000124923
51500 0.000645583
51600 0.000182631
51700 -0.000263588
51800 -1.46578e-05
51900 0.000264882
52000 -8.96277e-05
52100 -0.000712348
52200 -0.000297791
52300 -0.000235604
52400 0.000400638
52500 5.08894e-05
52600 -0.00032209
52700 0.000353039
52800 0.000233171
52900 0.000110361
53000 -0.000711409
53100 0.00026522
53200 -0.000313144
53300 -5.40339e-05
53400 0.000505652
53500 0.000520071
53600 -0.00071043
53700 -0.000306074
53800 8.27036e-05
53900 0.000309248
54000 0.000917952
54100 5.19715e-05
54200 0.000180054
54300 -0.000179996
54400 0.000181384
54500 -7.89507e-05
54600 -0.000406665
54700 -0.000181726
54800 0.000472972
54900 8.95108e-05
55000 -0.000122938
55100 0.000341423
55200 0.000422848
55300 0.000201587
55400 -3.54083e-05
55500 0.000673055
55600 5.05782e-05
55700 -0.000183238
55800 0.000894752
55900 9.60043e-05
56000 -0.000359437
56100 -0.000559073
56200 -0.000343003
56300 0.000553758
56400 -1.91048e-05
56500 -5.52786e-05
56600 -0.000609445
56700 -9.70506e-05
56800 -6.721e-05
56900 -0.000253763
57000 0.000180957
57100 0.000596711
57200 -2.46051e-05
57300 -7.00031e-05
57400 0.000585905
57500 0.000151201
57600 -0.000371529
57700 0.000159489
57800 -0.000170947
57900 0.000208612
58000 -0.000443821
58100 -0.000245548
58200 0.00053475
58300 -0.000155211
58400 -0.000569345
58500 8.99209e-06
58600 1.18881e-05
58700 0.000168393
58800 0.000387351
58900 -0.000423641
59000 -0.000268275
59100 -0.000836577
59200 -0.00012326
59300 0.00015344
59400 -0.000173926
59500 0.000491326
59600 0.000463411
59700 -0.000496794
59800 0.000462564
59900 0.000251558
60000 -5.73275e-05
60100 -0.000139576
60200 -0.000103303
60300 0.00036476
60400 0.000450227
60500 0.000248672
60600 0.000362621
60700 -0.000527317
60800 5.90077e-05
60900 -0.000467532
61000 3.49049e-05
61100 0.000264613
61200 0.000347648
61300 0.000300652
61400 -0.000338501
61500 -0.000177896
61600 -0.000347472
61700 0.00011597
61800 0.000311676
61900 0.000326044
62000 -0.000290527
62100 -0.000539779
62200 0.000288024
62300 0.000250204
62400 -0.000234245
62500 5.26058e-05
62700 -0.000527165
62800 -0.000131359
62900 -0.000203651
63000 4.92429e-05
63100 0.000504391
63200 -0.000182899
63300 -0.000220239
63400 3.36674e-06
63500 -0.000346701
63600 5.18805e-05
63700 -0.00033128
63800 0.000371491
63900 0.000575162
64000 -0.000283329
64100 0.000296103
64200 0.000334638
64300 -0.000288307
64400 -0.000585143
64500 -0.000268337
64600 -0.000561095
64700 -0.000123464
64800 -0.000358038
64900 0.000192728
65000 0.00042744
65100 6.07333e-05
65200 0.000407028
65300 1.31243e-05
65400 0.000492889
65500 9.6828e-05
65600 -0.000334902
65800 -0.000256157
65900 -0.000181422
66000 -0.000266747
66100 0.000438924
66200 -0.000197813
66300 0.000213796
66400 -5.27807e-05
66500 -0.000362839
66600 0.00013575
66700 0.000159863
66800 -0.000590437
66900 -0.000171022
67000 4.74831e-05
67100 -0.000503991
67300 0.00042387
67400 7.38492e-05
67500 -0.000425593
67600 -0.000196487
67700 0.000294535
67800 -0.000241258
67900 0.000233182
68000 -0.000128553
68100 0.000129494
68200 5.42245e-05
68300 6.48396e-05
68500 0.000226836
68600 0.000522906
68700 7.28294e-05
68800 -8.78776e-05
68900 0.000357753
69000 -0.000256086
69100 -5.54101e-05
69200 -0.00020876
69300 -6.00212e-05
69500 -0.000475245
69600 -0.000149238
69700 0.00051599
69800 -2.32825e-06
69900 0.000145005
70000 0.000519546
70100 -1.58309e-05
70200 -0.000258398
70400 -0.000244535
70500 -0.000353755
70600 0.000298127
70700 0.000137375
70800 -0.000131645
70900 -1.07072e-05
71000 -0.000101551
71200 -0.000248774
71300 0.000198295
71400 -0.000703079
71500 -0.000139769
71600 0.000116149
71700 -0.000540027
71800 -6.09436e-05
72000 -1.94753e-05
72100 9.26346e-06
72200 -0.000203523
72300 -5.1108e-05
72400 0.000227411
72500 0.000744138
72700 -0.000652678
72800 0.000555749
72900 -0.000400236
73000 -2.48284e-05
73100 -0.000382191
73200 -7.03875e-05
73400 0.000240761
73500 -0.000923172
73600 0.000447811
73700 0.000193342
73800 -0.00013383
74000 -6.60852e-05
74100 4.95269e-07
74200 -8.19951e-06
74300 -7.07747e-05
74400 0.000236994
74600 -8.93242e-05
74700 5.33223e-06
74800 9.12501e-06
74900 -0.000445252
75000 6.1608e-05
75200 -0.000377784
75300 0.000315925
75400 0.000149173
75500 0.000338856
75600 0.000383966
75800 -0.00066759
75900 -0.000252414
76000 0.000181319
76100 -0.000467586
76300 -0.000445312
76400 0.000116773
76500 9.1147e-05
76600 0.000198094
76700 -0.000212121
76900 -0.000222739
77000 -0.000147166
77100 5.82873e-05
77200 0.000136193
77400 -4.38526e-05
77500 -0.000573987
77600 -5.67863e-05
77700 -0.000877362
77900 0.000252635
78000 0.000180698
78100 -4.12008e-05
78200 -0.000244399
78400 0.000386156
78500 0.000322837
78600 1.3416e-05
78800 -0.00066054
78900 -0.000582178
79000 0.000364715
79100 7.1221e-05
79300 -0.000247703
79400 -0.000163277
79500 -0.000111435
79600 0.000362232
79800 -8.71962e-05
79900 -0.000100605
80000 0.000585013
80200 -0.000159165
80300 -7.57914e-05
80400 -8.51519e-05
80500 -0.000972118
80700 -0.000148108
80800 -0.000264123
80900 0.000139928
81100 -0.00024058
81200 -0.000201979
81300 0.000170221
81500 -0.000395886
81600 -0.000101697
81700 0.00044452
81900 -0.000247661
82000 0.000493036
82100 0.000313134
82300 0.000197263
82400 0.000101392
82500 0.000236509
82700 6.91825e-05
82800 -2.69271e-05
82900 0.000142565
83100 0.000176517
83200 0.000388181
83300 -0.000426198
83500 -5.87928e-05
83600 0.000163368
83700 0.000907645
83900 0.000355505
84000 0.000523013
84100 -5.2623e-05
84300 -9.88059e-05
84400 -0.000343799
84500 4.50424e-05
84700 1.87859e-06
84800 -2.12054e-05
84900 0.000501579
85100 -0.000298833
85200 -8.63225e-05
85400 0.000135342
85500 0.000536443
85600 -0.000206672
85800 1.18482e-05
85900 0.000560976
86000 -6.43408e-05
86200 -0.000121604
86300 -8.38318e-05
86500 1.17043e-05
86600 0.000144406
86700 0.000274439
86900 -0.000745615
87000 -0.000352841
87200 0.000214183
87300 -0.000711944
87400 -0.000273478
87600 0.000151428
87700 0.000100328
87900 0.000234298
88000 0.000132008
88200 -0.000189172
88300 -0.000174432
88400 0.000400273
88600 0.000284763
88700 -0.000401961
88900 -0.000249705
89000 -0.000142798
89200 2.06764e-05
89300 2.94785e-05
89400 0.000589317
89600 0.000203454
89700 0.000230269
89900 -0.000117382
90000 5.72132e-05
90200 0.000392807
90300 0.000486214
90500 0.000352728
90600 -0.000260259
90700 -4.11724e-05
90900 0.000339691
91000 0.000587956
91200 3.26986e-05
91300 -0.000552473
91500 0.000110787
91600 -3.48606e-05
91800 -0.000490956
91900 -0.000148643
92100 -0.000616283
92200 0.000116756
92400 -0.000397318
92500 0.000156669
92700 -1.4664e-06
92800 -7.05711e-05
93000 0.000624665
93100 2.35817e-05
93300 -0.000262337
93400 -0.00031233
93600 0.000382965
93700 -0.000416185
93900 0.000433154
94000 -0.00029323
94200 -0.000597911
94300 -6.21995e-05
94500 -0.000201231
94600 -0.000143745
94800 0.000568904
94900 -0.00018333
95100 -0.000214753
95200 -2.11656e-05
95400 0.000242777
95500 -4.66256e-05
95700 0.000292968
95900 -0.000819484
96000 0.000179764
96200 0.000506416
96300 -0.000159455
96500 -4.77992e-05
96600 -0.00041121
96800 0.000455741
96900 5.44019e-05
97100 -0.000234906
97300 0.000210552
97400 7.90922e-05
97600 1.87609e-05
97700 0.000346098
97900 0.000463901
98000 0.000240852
98200 -0.000218244
98400 0.000617318
98500 0.000117305
98700 5.84578e-05
98800 -0.000360822
99000 -0.000309031
99200 0.000652734
99300 0.000417287
99500 -0.000267587
99600 8.95032e-05
99800 0.000243269
100000 -0.000674511
100100 -6.07674e-05
100300 0.00015549
100400 -8.99277e-05
100600 -0.000189144
100800 0.000113886
100900 0.000887038
101100 -0.000379012
101300 0.000326486
101400 0.000172703
101600 0.000321502
101700 -3.10552e-07
101900 -0.000572289
102100 -4.94358e-05
102200 -7.49226e-05
102400 0.000285863
102600 -0.000201119
102700 9.5075e-05
102900 0.000243094
103100 8.37782e-05
103200 7.18405e-05
103400 0.000139885
103600 0.000319599
103700 -0.000230622
103900 0.000416236
104100 -0.000535148
104200 8.15291e-05
104400 2.06781e-05
104600 3.63793e-05
104700 0.000260653
104900 0.000919075
105100 -9.97606e-05
105200 -0.000608902
105400 0.000444968
105600 -0.000197672
105800 -0.000210532
105900 0.000453179
106100 -0.000164768
106300 9.42128e-05
106400 -0.000112968
106600 -9.36962e-05
106800 -2.30513e-05
107000 -8.01799e-05
107100 0.000324
107300 0.000847575
107500 -0.000758715
107600 -0.000221515
107800 0.00015191
108000 0.000243073
108200 -0.000162597
108300 0.0002734
108500 9.24343e-05
108700 5.316e-05
108900 -9.97832e-05
109000 -0.000680533
109200 -0.000137293
109400 0.000159183
109600 0.000126447
109700 0.000239459
109900 8.11418e-05
110100 -6.80784e-05
110300 -0.000138434
110500 0.000488977
110600 -1.02785e-06
110800 -0.000232381
111000 -2.74098e-05
111200 0.000549126
111400 -0.000261147
111500 -6.14423e-05
111700 0.000126165
111900 -0.000484934
112100 -2.33718e-05
112300 -0.000211119
112400 0.000410333
112600 0.000184775
112800 -0.000373083
113000 2.00502e-05
113200 -0.000544356
113300 4.77263e-05
113500 4.39873e-05
113700 0.000339148
113900 0.000212108
114100 -0.000331987
114300 -7.98863e-05
114400 -3.42616e-05
114600 0.000857289
114800 0.000715442
115000 0.000183552
115200 0.00031922
115400 -0.000443201
115600 0.000438965
115700 -0.000266181
115900 0.000219462
116100 -0.000191843
116300 0.00038867
116500 0.000161972
116700 -0.000616704
116900 0.000648533
117100 -0.000244843
117200 -0.000272424
117400 -5.88781e-05
117600 -7.57446e-05
117800 -7.27233e-08
118000 9.21784e-05
118200 0.000145835
118400 -0.000443072
118600 -0.000128268
118800 0.000475738
119000 0.000256722
119100 -0.000415062
119300 9.8707e-05
119500 0.000440695
119700 0.000374786
119900 -0.000153104
120100 -0.000105735
120300 -0.000302263
120500 0.000166405
120700 0.000282805
120900 -0.000290942
121100 -0.0004717
121300 -1.8625e-05
121500 -0.00033664
121700 -0.000477753
121900 -0.000652981
122100 0.000355157
122300 0.000423506
122500 0.000663472
122700 0.000130697
122900 6.38995e-05
123100 -0.000233921
123200 -1.931e-05
123400 0.00024602
123600 -0.000601802
123800 0.000423604
124000 8.75028e-05
124200 0.000267692
124400 0.000393402
124600 -0.000560921
124800 -0.000101653
125000 0.000431831
125300 -0.000334779
125500 -0.000436105
125700 -8.94043e-05
125900 0.000307398
126100 -0.000362184
126300 -0.000101864
126500 -8.99392e-05
126700 -0.000274536
126900 -1.06057e-05
127100 3.71124e-05
127300 -0.000405245
127500 -0.000314797
127700 -0.00012507
127900 0.000607266
128100 8.81062e-06
128300 0.000188105
128500 0.000308881
128700 -0.000678116
128900 0.000183065
129100 0.000364177
129400 -0.00016122
129600 -0.000406666
129800 -7.03229e-05
130000 0.000359898
130200 -7.41643e-05
130400 -0.000139458
130600 5.96146e-05
130800 0.000385398
131000 8.38728e-05
131200 0.000174138
131500 0.000615894
131700 0.000290536
131900 0.000721761
132100 -0.000475005
132300 -0.000264781
132500 0.000472769
132700 0.000340163
132900 0.000127656
133200 -6.91732e-05
133400 -0.00042328
133600 -0.000445308
133800 0.000649893
134000 0.000189021
134200 -0.000144858
134500 0.000191595
134700 -0.000205574
134900 -0.000275248
135100 0.000130852
135300 -0.000666395
135500 0.000128764
135800 -0.000488039
136000 -4.09981e-05
136200 0.000326887
136400 0.000571406
136600 0.000106829
136900 0.000158606
137100 -5.56578e-05
137300 -0.000730498
137500 -0.000201439
137700 -0.000144862
138000 0.000110039
138200 -0.000503752
138400 -0.000778207
138600 7.7673e-05
138900 -0.000419664
139100 0.000672295
139300 -9.08688e-05
139500 -0.000249664
139800 0.000277462
140000 -0.000365558
140200 0.000245264
140400 0.00019647
140700 0.000545251
140900 -0.000243522
141100 0.000301293
141300 -5.617e-05
141600 -0.000733261
141800 -0.000178453
142000 -0.000214141
142300 -0.000112786
142500 -0.000263639
142700 8.9213e-05
142900 0.000155554
143200 -0.000379157
143400 -0.000437301
143600 -0.000390655
143900 -5.63095e-05
144100 -0.000109555
144300 7.00077e-05
144600 -1.71738e-05
144800 -0.000379595
145000 -0.000336363
145300 -0.0002308
145500 -1.85573e-05
145700 0.000239908
146000 0.000695393
146200 -0.000617845
146400 -0.000309992
146700 0.000170844
146900 -0.000252943
147200 1.90101e-05
147400 0.000261316
147600 0.000689786
147900 0.000511483
148100 -0.000554847
148300 2.06014e-05
148600 0.000377221
148800 0.000337318
149100 -3.21408e-05
149300 0.000453598
149500 -0.000584283
149800 -0.00028924
150000 -0.0005249
150300 -0.000496312
150500 0.000414483
150800 0.000118832
151000 -7.93072e-05
151200 -0.000223084
151500 -0.000213151
151700 0.000369341
152000 0.000155616
152200 -0.000349009
152500 0.00037189
152700 -0.000662763
153000 0.000411862
153200 0.000356826
153400 -3.44993e-05
153700 0.000108388
153900 -0.000810341
154200 0.000140747
154400 -4.18449e-05
154700 0.000350294
154900 -0.000126913
155200 -0.000455382
155400 -3.28999e-05
155700 -0.000239838
155900 0.000396332
156200 -2.35791e-05
156400 -0.00042907
156700 7.41284e-05
156900 0.000190973
157200 0.000156969
157500 -0.000327868
157700 -0.000138773
158000 -0.000243521
158200 -1.44552e-05
158500 8.62236e-05
158700 -0.000521758
159000 0.000213205
159200 -9.33087e-05
159500 -0.000222697
159800 0.000331596
160000 -0.000177963
160300 -0.000103198
160500 -0.000269288
160800 4.67703e-05
161000 -2.45171e-05
161300 -0.000317577
161600 0.000117165
161800 1.805e-05
162100 -0.00035452
162400 -4.69885e-05
162600 -0.000112764
162900 -0.000162963
163100 -0.000216692
163400 0.000222828
163700 -0.000467889
163900 -0.000530953
164200 0.000334032
164500 -1.62727e-05
164700 -0.000142569
165000 -0.00029295
165300 -0.000245068
165500 0.000172209
165800 -2.26555e-05
166100 0.000139858
166300 0.000473488
166600 -0.000512609
166900 -1.00198e-06
167100 -0.0001547
167400 -0.000486069
167700 0.000165649
167900 0.000526186
168200 9.63196e-05
168500 -1.83978e-05
168800 2.20895e-05
169000 -0.000263691
169300 4.43943e-05
169600 0.000273004
169800 -0.000486545
170100 8.96387e-05
170400 -0.000518565
170700 -0.000195447
170900 0.000399766
171200 -0.00050081
171500 0.000192816
171800 0.000720921
172000 -9.91228e-05
172300 0.000321532
172600 0.000184615
172900 -0.000690415
173200 -0.000297323
173400 0.000238394
173700 -0.00049149
174000 -5.13599e-05
174300 -5.0967e-05
174600 -0.000169309
174800 0.000111632
175100 -0.000344718
175400 -0.00031801
175700 -2.6886e-05
176000 0.000182416
176300 -0.000127438
176500 0.00045487
176800 0.000121945
177100 -0.000259968
177400 -0.000204158
177700 -5.04854e-05
178000 0.000216762
178300 -0.000562931
178500 3.65151e-05
178800 -6.26789e-05
179100 -0.000155996
179400 0.000237464
179700 -1.54066e-05
180000 0.000457712
180300 -0.000771367
180600 -0.000153152
180900 0.000151615
181200 7.78664e-05
181400 -0.00038001
181700 -0.000216779
182000 0.000433971
182300 0.000328964
182600 -4.0233e-05
182900 -0.00030112
183200 0.000198641
183500 -0.000223638
183800 0.000421326
184100 0.000484525
184400 -0.000226379
184700 0.000133715
185000 0.000851238
185300 0.000180417
185600 7.96215e-06
185900 0.000262094
186200 -0.000912089
186500 -0.000398587
186800 0.00017822
187100 0.000383205
187400 -0.000164328
187700 -0.000539634
188000 8.43169e-05
188300 -0.00015578
188600 -0.00037621
188900 -0.000433523
189200 0.000258571
189500 0.000131996
189800 -0.000306745
190100 0.000150879
190400 0.000123072
190700 -0.00045314
191000 0.000213941
191400 -1.52485e-05
191700 -4.96298e-05
192000 -0.000151283
192300 0.00017223
192600 -1.86111e-05
192900 -0.000529584
193200 -3.536e-05
193500 0.000188296
193800 0.000348931
194200 -0.000131562
194500 5.91162e-05
194800 0.000375632
195100 -0.000184586
195400 0.000846024
195700 -0.000119979
196000 0.000401401
196400 0.00030583
196700 -0.000213607
197000 -0.000223115
197300 3.06937e-05
197600 0.0005615
197900 -2.0636e-05
198300 8.55097e-06
198600 6.37536e-05
198900 0.000783202
199200 -0.000475246
199500 -5.91963e-05
199900 0.000260447
200200 0.000335366
200500 0.000518572
200800 0.000559415
201200 -0.000806226
201500 0.00026764
201800 -7.71987e-05
202100 0.000164067
202500 -0.00019219
202800 0.000220886
203100 -0.000448892
203400 -0.000342371
203800 -1.0001e-05
204100 -0.000357524
204400 0.000684891
204800 -0.000335755
205100 -0.000489888
205400 -0.000158607
205700 -0.000606348
206100 -0.000559788
206400 -0.000310543
206700 -0.000510493
207100 0.000114202
207400 -0.000289389
207700 -7.34307e-05
208100 -1.35876e-07
208400 -4.6686e-06
208800 -0.000722214
209100 0.000249348
209400 -7.49934e-05
209800 -0.000316888
210100 8.18176e-05
210400 -0.00067695
210800 -0.000733119
211100 -0.000204296
211500 -0.000502551
211800 -1.77628e-06
212100 -0.000119927
212500 0.000462067
212800 -0.000159411
213200 -0.000104301
213500 -0.000307047
213900 -0.000267575
214200 0.000696592
214600 0.000243687
214900 -0.000528806
215200 -3.93685e-05
215600 1.8101e-05
215900 0.000645263
216300 -0.00038127
216600 0.00013674
217000 -0.000674767
217300 -0.000232088
217700 -0.000115328
218000 -0.000115798
218400 -0.000164853
218700 0.000135069
219100 0.000125298
219400 0.000129056
219800 0.000301134
220200 0.000389918
220500 -0.000211204
220900 0.000975824
221200 0.000117495
221600 -0.000166071
221900 0.000138033
222300 0.000211365
222700 -0.000416663
223000 -0.000920668
223400 -0.000541456
223700 9.58905e-05
224100 1.91986e-05
224500 0.000277492
224800 0.00053362
225200 -0.000231453
225500 -0.000864873
225900 0.00019175
226300 0.000111323
226600 -0.000266138
227000 0.000547159
227400 0.000298558
227700 0.000321408
228100 -0.000840038
228500 4.23499e-05
228800 -2.85094e-05
229200 -0.000235433
229600 -0.000387189
229900 -0.000332161
230300 -0.000405334
230700 8.50653e-05
231100 0.000678153
231400 7.48733e-05
231800 -0.000622074
232200 0.000154214
232600 0.000674432
232900 -0.000499119
233300 -0.000520889
233700 0.000313407
234100 0.000566226
234400 -0.000848225
234800 0.00045926
235200 -0.000152446
235600 0.000186735
236000 -0.000171863
236300 0.000544143
236700 9.49505e-05
237100 -0.00034526
237500 0.000317574
237900 6.85418e-05
238200 -0.000561249
238600 0.000101581
239000 0.000506722
239400 -0.000332071
239800 -0.000318016
240200 -3.45987e-05
240600 -0.000166458
241000 -0.000183839
241300 -0.000229586
241700 0.000451269
242100 0.000510044
242500 9.83281e-07
242900 -6.17225e-06
243300 -0.000150459
243700 -0.000840292
244100 -0.000645939
244500 0.000165016
244900 -5.57657e-05
245300 9.67528e-05
245700 -0.000179685
246100 0.000518844
246400 0.000532064
246800 -0.000332444
247200 -0.000390473
247600 0.000314403
248000 -0.000209572
248400 0.000222919
248800 0.000387617
249200 -7.19113e-05
249600 -0.000678785
250000 0.000310336
250500 0.000113973
250900 -0.000496186
251300 -0.000368142
251700 0.000341071
252100 -0.0011164
252500 0.000496393
252900 9.73786e-05
253300 0.000290585
253700 0.00047072
254100 0.000516323
254500 -0.000153736
254900 -4.47379e-05
255300 0.000161627
255800 -3.03868e-05
256200 4.08172e-05
256600 -0.00108401
257000 -0.000922582
257400 -0.000439486
257800 0.000470385
258200 0.000131455
258700 0.000132726
259100 -0.000150914
259500 -0.000485908
259900 7.93012e-05
260300 0.000582361
260800 4.88788e-05
261200 -2.19193e-05
261600 -0.000130178
262000 -0.00027899
262400 -0.00050399
262900 3.57628e-05
263300 3.07739e-05
263700 -2.21475e-05
264100 -9.7667e-05
264600 0.000806255
265000 -4.2241e-05
265400 0.000646591
265800 -0.000105309
266300 -0.000212749
266700 -5.79153e-05
267100 -8.89941e-05
267600 -0.000298226
268000 1.80298e-05
268400 0.000360579
268900 9.856e-05
269300 -0.000188742
269700 0.000830589
270200 -9.70731e-05
270600 0.000246867
271000 0.000207529
271500 -0.00026784
271900 -9.01559e-05
272300 2.42204e-05
272800 0.000442589
273200 9.01275e-05
273700 0.000147797
274100 -0.000322357
274600 6.28298e-05
275000 0.00010992
275400 0.000408113
275900 -3.40705e-05
276300 -3.03624e-05
276800 -3.85442e-05
277200 -0.000121586
277700 0.000511086
278100 0.000504295
278600 -0.00044018
279000 -8.81966e-05
279500 -0.000222165
279900 0.000460993
280400 -0.000385185
280800 0.000415351
281300 0.000722648
281700 0.000117174
282200 0.000506173
282600 -0.000382441
283100 0.000552795
283500 7.5798e-05
284000 0.000450124
284500 0.000138294
284900 -0.000523589
285400 -0.000907229
285800 0.00112413
286300 -0.000348472
286800 0.000797075
287200 -0.000200164
287700 0.000568807
288200 0.000191643
288600 -0.000365975
289100 -5.70626e-05
289500 -4.91305e-06
290000 0.000372873
290500 -0.000895277
291000 0.000260334
291400 -0.000129956
291900 0.000385129
292400 0.000627373
292800 -7.25326e-05
293300 0.000187942
293800 6.82839e-05
294300 9.71363e-05
294700 0.000185983
295200 0.000706267
295700 -0.000108548
296200 -0.000317357
296600 0.00011247
297100 -4.70665e-05
297600 -0.000114387
298100 -0.000400512
298600 0.000291274
299000 -0.000751077
299500 -0.000241717
300000 -5.15921e-05
300500 -0.000625353
301000 -1.74549e-05
301500 9.8404e-05
301900 3.46855e-05
302400 0.000348452
302900 0.000271307
303400 0.000214452
303900 -0.000155937
304400 1.26428e-05
304900 -0.000453141
305400 -0.000438332
305900 0.000583938
306400 5.54702e-05
306800 -0.000509656
307300 -5.68793e-05
307800 -0.000143163
308300 0.00118819
308800 -0.000144324
309300 9.29945e-05
309800 2.76868e-05
310300 -0.000316763
310800 0.000311278
311300 0.000199448
311800 5.60514e-05
312300 0.000161307
312800 0.000211556
313300 -6.34711e-05
313800 -5.31188e-06
314400 -0.000212852
314900 4.93376e-05
315400 5.67397e-05
315900 0.000180942
316400 -0.000494219
316900 0.000502626
317400 7.46343e-05
317900 -0.000157042
318400 -0.0011186
318900 -7.49022e-05
319500 -0.000121382
320000 -3.32422e-05
320500 -0.00105432
321000 -6.9853e-05
321500 0.000279182
322000 -0.000415594
322600 7.89683e-05
323100 3.28598e-05
323600 3.03623e-05
324100 9.61616e-05
324700 -0.00019322
325200 0.0003101
325700 0.000657528
326200 1.03369e-05
326800 -0.000162903
327300 -2.91342e-05
327800 8.74223e-05
328300 9.08277e-05
328900 0.000172376
329400 -0.000250336
329900 7.09981e-05
330500 0.000208125
331000 -0.000429013
331500 0.000250476
332100 -0.000444062
332600 -0.000439951
333100 -0.000148513
333700 -9.73829e-05
334200 0.000723147
334700 -0.000597921
335300 0.00014668
335800 -0.000808497
336400 -2.41761e-06
336900 -0.000661244
337500 0.000674239
338000 -0.000863128
338500 0.000337382
339100 -0.000736371
339600 0.000111883
340200 0.000174324
340700 0.000779836
341300 -0.000426295
341800 4.04368e-05
342400 -0.000157781
342900 0.000303165
343500 0.000732543
344000 -8.38485e-05
344600 3.59894e-05
345200 -0.000561449
345700 -5.08975e-05
346300 -0.000100392
346800 0.000405413
347400 -0.0001213
347900 0.000368693
348500 0.000268766
349100 0.000339207
349600 -0.000380128
350200 0.000221299
350800 0.000539931
351300 0.000133231
351900 0.000505311
352500 0.00055921
353000 -0.000112457
353600 -0.000344772
354200 0.00115673
354700 7.7598e-05
355300 -3.31856e-05
355900 -0.000398299
356500 7.98588e-05
357000 0.000154675
357600 0.000387175
358200 -0.000202571
358800 -0.000257373
359300 0.000205919
359900 -0.000407813
360500 0.000605018
361100 -0.000127157
361700 0.00020794
362300 0.00075492
362800 -0.000530001
363400 -0.000314135
364000 -0.000104069
364600 -0.000357259
365200 7.33506e-05
365800 -0.000347496
366400 -0.000754179
367000 0.000248562
367500 -0.000460034
368100 -0.000362496
368700 0.000163761
369300 0.000529631
369900 6.28233e-05
370500 0.000192895
371100 0.000158776
371700 0.000286867
372300 0.000498886
372900 0.000126666
373500 -0.000127033
374100 0.000188944
374700 0.000138626
375300 0.000232361
375900 -0.000602935
376500 -0.000296191
377200 0.000244405
377800 -0.000313264
378400 0.000459649
379000 -7.911e-05
379600 -0.000552633
380200 -0.000999191
380800 -2.9348e-05
381400 9.99395e-05
382000 0.000440609
382700 0.000164468
383300 0.000769578
383900 -0.000570983
384500 -0.000233099
385100 -0.000471568
385800 -0.000154523
386400 -9.2983e-05
387000 0.00023055
387600 0.000765732
388300 0.00046713
388900 0.000417853
389500 0.000480297
390100 0.000143096
390800 0.000112671
391400 0.000405031
392000 -0.0004463
392700 3.50417e-05
393300 -0.000463112
393900 0.000320964
394600 0.000100178
395200 -0.000179078
395800 -0.000749278
396500 -0.00031405
397100 -0.000889163
397800 -0.000223079
398400 -0.000285901
399000 -0.000103255
399700 0.00042696
400300 0.000458007
401000 0.000501298
401600 0.00027236
402300 0.000550928
402900 8.57431e-05
403600 -1.00955e-05
404200 0.000271174
404900 2.17939e-06
405500 0.000342628
406200 -0.000240106
406800 0.000614537
407500 -0.000314519
408100 -0.00016818
408800 -9.31786e-05
409500 0.000426573
410100 4.47148e-05
410800 -5.80114e-05
411400 -1.11949e-05
412100 -6.51842e-05
412800 -0.000485716
413400 0.00130932
414100 0.00036113
414800 0.000262729
415400 -0.000139526
416100 0.000438475
416800 -0.000285197
417500 -8.25263e-05
418100 0.000279906
418800 0.000206961
419500 -0.000287212
420200 0.000652506
420800 0.000240501
421500 -0.000609385
422200 0.000289265
422900 2.56244e-05
423600 0.000454342
424200 -0.000143289
424900 -0.000148586
425600 0.000570109
426300 0.000518718
427000 0.000197818
427700 0.000129067
428400 0.000670599
429100 -3.04781e-05
429700 -1.64588e-05
430400 0.000189861
431100 -0.000428848
431800 -0.000305195
432500 -0.000247272
433200 -0.000791797
433900 0.000366666
434600 0.000253532
435300 -0.000100217
436000 -0.000503113
436700 0.000358274
437400 0.000412039
438100 -0.000287581
438800 0.000172178
439600 1.23552e-05
440300 -0.000482178
441000 -0.000180009
441700 -0.000508266
442400 0.000388488
443100 -0.000655244
443800 0.000375602
444500 -0.000336261
445300 -0.000606045
446000 -0.000480559
446700 0.000493134
447400 0.000816187
448100 0.000196619
448900 -0.000250392
449600 0.000844451
450300 -0.000281029
451000 -0.00015818
451800 0.000522658
452500 -0.000271139
453200 -0.000385718
454000 0.00117926
454700 -0.000386988
455400 0.000126793
456200 -0.000384364
456900 -7.1958e-05
457600 -0.000770585
458400 0.000465131
459100 0.000266496
459800 4.03823e-05
460600 0.000309769
461300 0.000424306
462100 0.000402843
462800 -0.000290654
463600 -0.000375749
464300 -0.000601289
465100 -0.000129761
465800 -0.000155171
466600 0.000314531
467300 -0.000277027
468100 0.000796259
468800 -0.000736363
469600 -0.000274612
470300 -5.74621e-05
471100 3.88614e-05
471900 0.00103194
472600 -0.000874967
473400 -0.000530357
474100 0.000137499
474900 0.000867406
475700 -0.000267269
476400 0.000671255
477200 -0.000412845
478000 0.000343786
478800 0.000624869
479500 0.000184052
480300 0.000331608
481100 -0.000129208
481900 -0.000469739
482600 0.000338563
483400 -0.000461096
484200 5.99791e-06
485000 0.000201803
485800 -0.0004041
486500 0.000184639
487300 0.000170736
488100 0.00127162
488900 -0.00033476
489700 0.00017451
490500 0.000522397
491300 0.000436644
492100 6.9024e-05
492800 -0.000539489
493600 -0.000111095
494400 0.000390459
495200 -0.000241969
496000 0.00023888
496800 -0.000616156
497600 -0.000285465
498400 0.000141379
499200 -0.000493938
500000 0.000541783
500900 0.000298132
501700 -1.91316e-05
502500 -1.9338e-05
503300 -0.000265788
504100 -0.000535277
504900 -0.0001239
505700 -0.000164719
506500 -0.00024053
507400 0.000733235
508200 0.000217757
509000 3.3443e-05
509800 -0.000313588
510600 0.000500655
511500 0.000188791
512300 -0.000417027
513100 -3.55987e-05
513900 -0.000239742
514800 -0.00071918
515600 -0.000449535
516400 -0.000122478
517300 0.000401048
518100 0.000291251
518900 -0.000337381
519800 0.000267637
520600 -0.000492924
521500 5.55855e-05
522300 0.000539464
523100 0.000277999
524000 1.4411e-05
524800 -0.000228097
525700 2.47148e-05
526500 -0.000156121
527400 -6.68046e-05
528200 0.00035846
529100 -0.000294811
529900 5.72122e-05
530800 -0.00056733
531600 -0.000351674
532500 9.86147e-05
533400 7.48748e-06
534200 0.000782814
535100 -0.000110488
535900 -0.000169988
536800 -0.000218461
537700 -7.92502e-05
538500 -0.000346048
539400 0.000285817
540300 5.80965e-05
541100 -0.000190602
542000 0.0001935
542900 -0.000250011
543800 0.000242919
544600 -8.37931e-05
545500 0.000330796
546400 -3.07612e-05
547300 -0.000245517
548200 0.000205557
549100 0.000566433
549900 -0.000483598
550800 -0.000197578
551700 0.000547824
552600 -0.000173677
553500 0.000205018
554400 -6.80659e-05
555300 0.000164613
556200 -0.000412444
557100 0.000419308
558000 0.000450052
558900 -0.000516212
559800 0.000473558
560700 0.000354823
561600 -0.00061341
562500 -0.000509712
563400 -0.00120734
564300 -0.000292801
565200 7.09635e-05
566100 -9.46982e-05
567000 -0.000268599
568000 0.000320493
568900 0.000237467
569800 0.000323199
570700 -4.55695e-05
571600 -0.000192339
572600 -0.000215621
573500 0.00044911
574400 0.000198125
575300 -0.00105513
576300 0.000799513
577200 0.000583029
578100 -0.00103182
579000 -0.000135253
580000 -0.000753302
580900 8.85312e-05
581900 -0.000894947
582800 0.000207393
583700 -0.000317422
584700 0.00095167
585600 0.00092625
586600 -0.000385592
587500 0.000396098
588500 -8.08681e-05
589400 0.000248236
590400 0.000492965
591300 7.00767e-06
592300 2.13799e-06
593200 -0.000549166
594200 0.000377495
595100 0.000480034
596100 -0.00045192
597100 0.000215579
598000 -0.00115569
599000 0.000575198
599900 -0.000247656
600900 -0.000162467
601900 -0.000154027
602900 0.000354696
603800 0.000596633
604800 -0.000166934
605800 0.000362578
606800 0.000142469
607700 -0.000326715
608700 -0.0006796
609700 5.12667e-05
610700 -0.000864097
611700 0.00149424
612700 5.12801e-06
613600 -0.000121212
614600 -9.92519e-05
615600 0.0014059
616600 -0.00022146
617600 -0.000445142
618600 -0.000790657
619600 0.000433708
620600 -0.000713089
621600 0.000342829
622600 0.000945466
623600 -0.000144637
624600 0.000200154
625600 -7.41723e-05
626600 0.000442836
627600 2.51427e-05
628700 -0.000194879
629700 -0.000198959
630700 -0.000721473
631700 0.00115481
632700 1.36941e-05
633700 -3.94946e-05
634800 0.000275444
635800 -0.000384599
636800 0.000592712
637800 -0.000173844
638900 0.000400323
639900 0.00088898
640900 -1.96575e-05
642000 2.83459e-05
643000 -0.000497545
644000 0.000505868
645100 -0.00069335
646100 -0.000239117
647200 0.000243498
648200 -0.000168762
649300 0.000486877
650300 -0.00042048
651400 0.000588841
652400 0.000829354
653500 0.00116131
654500 -0.000240744
655600 -0.000739954
656600 -0.000608242
657700 0.000190221
658700 -0.000708914
659800 -0.000153948
660900 0.000495706
661900 -0.000370821
663000 0.00123834
664100 -0.00019969
665100 0.000607278
666200 -0.000741668
667300 -0.000752857
668400 0.000781924
669400 0.000330506
670500 -0.00134752
671600 0.000241985
672700 0.00039045
673800 -0.000777311
674900 -0.000192427
676000 0.000178063
677000 0.000231741
678100 -2.07968e-05
679200 0.00106577
680300 0.000776731
681400 -0.000706279
682500 -0.00109198
683600 -0.000552909
684700 -0.000745672
685800 -0.000476772
686900 -0.000232783
688000 0.000327248
689200 0.000584749
690300 0.000605947
691400 0.00111001
692500 -0.000446323
693600 -0.000318481
694700 9.86736e-06
695800 -0.000459153
697000 -0.000189183
698100 0.000628717
699200 0.00104489
700400 -0.000191123
701500 -7.77673e-06
702600 0.000803297
703700 0.000604128
704900 -0.000395333
706000 -0.000159016
707200 -0.000614963
708300 0.000749482
709400 -0.00110893
710600 -0.000251011
711700 -0.00012769
712900 -0.00047215
714000 -0.000964503
715200 -7.46977e-05
716300 0.00071923
717500 -0.000252187
718600 -0.000856659
719800 -0.00103432
721000 -0.000415855
722100 -0.0013227
723300 -0.00110465
724500 0.000578647
725600 -0.000876032
726800 3.77475e-05
728000 0.00056411
729100 0.000623687
730300 -0.000221973
731500 0.000861679
732700 0.000380482
733900 -0.000851394
735000 -0.000336602
736200 -0.000285293
737400 -0.0003676
738600 -0.00061262
739800 -0.00127274
741000 -0.000773423
742200 -0.000882797
743400 -0.000110993
744600 0.000381727
745800 -1.81089e-05
747000 0.000164055
748200 -0.000437472
749400 -0.000216643
750600 0.00145344
751800 -0.000347606
753000 0.00030745
754300 -0.000108824
755500 -0.000153499
756700 0.000507255
757900 0.000239367
759100 -0.00108118
760400 -0.000266101
761600 -0.000170556
762800 0.000511076
764000 0.000304187
765300 6.09275e-05
766500 -4.28296e-06
767700 0.00110625
769000 -9.56928e-05
770200 -6.41806e-06
771500 0.000254893
772700 -0.000297629
774000 0.000292267
775200 0.000325871
776500 -0.000266683
777700 -7.2148e-05
779000 0.00189625
780200 -0.000250703
781500 -0.000163638
782700 -0.000822373
784000 -0.000711538
785300 0.000914418
786500 -0.000978927
787800 -0.000697078
789100 0.000362598
790300 0.000147738
791600 0.00108281
792900 5.71639e-05
794200 0.000725043
795500 -0.000931176
796700 0.000315777
798000 0.00158482
799300 -0.000284017
800600 -0.000308389
801900 -0.000597512
803200 0.000850922
804500 -0.0010422
805800 0.00130342
807100 9.08896e-06
808400 -0.00120153
809700 -0.00100297
811000 -0.00057739
812300 -1.37041e-05
813600 0.000631941
814900 0.000231909
816200 0.000473496
817600 0.000706027
818900 -0.000842041
820200 0.000549913
821500 0.00122013
822800 0.000359192
824200 -7.9302e-05
825500 -0.000316373
826800 0.00117451
828200 0.000571861
829500 5.80027e-05
830800 -0.000206077
832200 -0.00113635
833500 -0.000777382
834900 -0.00013082
836200 0.000390543
837600 -0.00048744
838900 0.000327202
840300 0.00178822
841600 -2.09689e-05
843000 0.000411956
844300 7.72961e-05
845700 -5.40148e-05
847100 -0.00217908
848400 -0.000169847
849800 0.0013162
851200 -0.000550767
852500 -0.00029946
853900 0.000363605
855300 -0.000103557
856700 -0.000165637
858100 0.0018819
859400 -0.000202203
860800 -0.00174414
862200 6.74939e-05
863600 0.000782249
865000 -0.000482947
866400 0.000339636
867800 -9.156e-05
869200 -0.000458898
870600 -0.00103225
872000 0.000687842
873400 -0.00155058
874800 -0.000523063
876200 0.0023775
877600 0.00114739
879100 0.000355193
880500 0.00105747
881900 0.000238396
883300 -0.000441523
884700 0.0011274
886200 -0.000117817
887600 6.07309e-05
889000 0.000719791
890500 -0.000813029
891900 0.00176918
893300 -5.19548e-05
894800 -0.000197417
896200 -0.00037731
897700 -0.000711702
899100 0.000469334
900600 -0.000857451
902000 -0.000334397
903500 -0.000427604
904900 -0.00135509
906400 0.00119642
907900 -0.00149362
909300 0.000448043
910800 -0.000551634
912300 -0.000415381
913700 0.000207749
915200 -0.00141936
916700 -0.000924281
918200 0.000329435
919600 0.00143273
921100 3.12759e-05
922600 0.0015059
924100 0.000743712
925600 0.000430109
927100 0.00154008
928600 -0.000297895
930100 0.000563849
931600 -0.00232412
933100 -0.000144008
934600 -0.0014984
936100 -7.37388e-07
937600 0.000270172
939100 -0.00066085
940600 -0.000382265
942200 0.00245888
943700 0.00177474
945200 -0.0019369
946700 0.000562948
948200 -0.00123893
949800 -0.000260797
951300 7.29401e-05
952800 -0.00197838
954400 0.00270078
955900 -0.00248554
957500 0.00205345
959000 -0.00174308
960600 -0.00110337
962100 -0.000905133
963700 -0.00187084
965200 0.00144065
966800 0.00203855
968300 0.00120641
969900 0.00230926
971500 -0.000281
973000 -0.0037533
974600 0.00172716
976200 -0.00133986
977700 0.00194132
979300 0.00189694
980900 -8.49174e-05
982500 -0.000746339
984100 0.00265419
985600 0.00410721
987200 -0.00155562
988800 0.000177524
990400 -0.00411369
992000 -0.00433843
993600 -0.00421754
995200 -0.010729
996800 0.010145
998400 0.0078034
1e+06 -0.0137645
