lag_time C_t
0 1
0.1 0.992269
0.2 0.979585
0.3 0.967376
0.4 0.956525
0.5 0.946698
0.6 0.937689
0.7 0.929305
0.8 0.921417
0.9 0.913929
1 0.906767
1.1 0.899879
1.2 0.893234
1.3 0.886803
1.4 0.880565
1.5 0.874504
1.6 0.868608
1.7 0.862861
1.8 0.857246
1.9 0.851751
2 0.846373
2.1 0.841105
2.2 0.835939
2.3 0.830866
2.4 0.825883
2.5 0.820989
2.6 0.816179
2.7 0.811454
2.8 0.80681
2.9 0.802239
3 0.797738
3.1 0.793304
3.2 0.788936
3.3 0.784631
3.4 0.780384
3.5 0.776194
3.6 0.772057
3.7 0.767977
3.8 0.76395
3.9 0.759971
4 0.756041
4.1 0.752157
4.2 0.748315
4.3 0.744518
4.4 0.740766
4.5 0.737061
4.6 0.733399
4.7 0.729775
4.8 0.726185
4.9 0.722632
5 0.719119
5.1 0.715644
5.2 0.712206
5.3 0.708803
5.4 0.705433
5.5 0.702099
5.6 0.698799
5.7 0.695532
5.8 0.6923
5.9 0.6891
6 0.685927
6.1 0.682778
6.2 0.679656
6.3 0.67656
6.4 0.673493
6.5 0.67045
6.6 0.667437
6.7 0.664458
6.8 0.661509
6.9 0.658588
7 0.655694
7.1 0.65283
7.2 0.649991
7.3 0.647176
7.4 0.64438
7.5 0.641605
7.6 0.638852
7.7 0.636121
7.8 0.633416
7.9 0.630732
8 0.628073
8.1 0.625432
8.2 0.622808
8.3 0.620204
8.4 0.617619
8.5 0.615056
8.6 0.612514
8.7 0.609991
8.8 0.607486
8.9 0.605
9 0.602534
9.1 0.600086
9.2 0.597654
9.3 0.595238
9.4 0.592834
9.5 0.590446
9.6 0.588076
9.7 0.585719
9.8 0.583373
9.9 0.581041
10 0.578726
10.1 0.576427
10.2 0.574136
10.3 0.571857
10.4 0.56959
10.5 0.567343
10.6 0.565115
10.7 0.562905
10.8 0.560707
10.9 0.558523
11 0.556356
11.1 0.554208
11.2 0.552075
11.3 0.549959
11.4 0.547859
11.5 0.545767
11.6 0.543683
11.7 0.541607
11.8 0.539541
11.9 0.537488
12 0.53545
12.1 0.533425
12.2 0.531415
12.3 0.529419
12.4 0.527436
12.5 0.525464
12.6 0.523508
12.7 0.521568
12.8 0.519643
12.9 0.517734
13 0.51584
13.1 0.513958
13.2 0.512086
13.3 0.510224
13.4 0.508372
13.5 0.506536
13.6 0.504717
13.7 0.502911
13.8 0.501116
13.9 0.499332
14 0.497553
14.1 0.49578
14.2 0.494016
14.3 0.492262
14.4 0.49052
14.5 0.48879
14.6 0.487067
14.7 0.48535
14.8 0.483642
14.9 0.48194
15 0.480246
15.1 0.478561
15.2 0.476884
15.3 0.475218
15.4 0.47356
15.5 0.471907
15.6 0.470265
15.7 0.468629
15.8 0.466997
15.9 0.465376
16 0.463765
16.1 0.462164
16.2 0.460571
16.3 0.458988
16.4 0.457414
16.5 0.455856
16.6 0.45431
16.7 0.452772
16.8 0.451236
16.9 0.449706
17 0.448184
17.1 0.446671
17.2 0.445169
17.3 0.443674
17.4 0.442184
17.5 0.440701
17.6 0.439223
17.7 0.437754
17.8 0.436293
17.9 0.434843
18 0.433399
18.1 0.431963
18.2 0.430532
18.3 0.429107
18.4 0.427693
18.5 0.426286
18.6 0.424879
18.7 0.423475
18.8 0.422083
18.9 0.420704
19 0.419339
19.1 0.417984
19.2 0.41664
19.3 0.4153
19.4 0.413966
19.5 0.412638
19.6 0.411317
19.7 0.409999
19.8 0.408683
19.9 0.407373
20 0.40607
20.1 0.404773
20.2 0.40348
20.3 0.402196
20.4 0.400922
20.5 0.399654
20.6 0.398389
20.7 0.397128
20.8 0.39587
20.9 0.394613
21 0.393361
21.1 0.392118
21.2 0.39088
21.3 0.389643
21.4 0.388409
21.5 0.387183
21.6 0.385961
21.7 0.384742
21.8 0.383528
21.9 0.382321
22 0.381119
22.1 0.379922
22.2 0.378726
22.3 0.377537
22.4 0.376358
22.5 0.375189
22.6 0.374023
22.7 0.372864
22.8 0.371709
22.9 0.370562
23 0.369422
23.1 0.368295
23.2 0.36718
23.3 0.366068
23.4 0.36496
23.5 0.363862
23.6 0.362777
23.7 0.361698
23.8 0.360618
23.9 0.359535
24 0.358448
24.1 0.357366
24.2 0.356292
24.3 0.355229
24.4 0.354173
24.5 0.353131
24.6 0.352092
24.7 0.351061
24.8 0.350038
24.9 0.349015
25 0.347986
25.1 0.346962
25.2 0.345943
25.3 0.344927
25.4 0.34391
25.5 0.342904
25.6 0.341912
25.7 0.340928
25.8 0.33995
25.9 0.338969
26 0.337978
26.1 0.336983
26.2 0.335993
26.3 0.335006
26.4 0.334023
26.5 0.333047
26.6 0.332075
26.7 0.331105
26.8 0.330135
26.9 0.329168
27 0.328202
27.1 0.327234
27.2 0.326268
27.3 0.325306
27.4 0.324345
27.5 0.323387
27.6 0.322434
27.7 0.321485
27.8 0.320541
27.9 0.319606
28 0.31868
28.1 0.317756
28.2 0.316831
28.3 0.315913
28.4 0.314995
28.5 0.314077
28.6 0.313167
28.7 0.31227
28.8 0.31138
28.9 0.310491
29 0.309604
29.1 0.308721
29.2 0.307839
29.3 0.306958
29.4 0.30608
29.5 0.305202
29.6 0.304323
29.7 0.303449
29.8 0.302583
29.9 0.30172
30 0.30086
30.1 0.300005
30.2 0.299155
30.3 0.298311
30.4 0.297472
30.5 0.296639
30.6 0.295808
30.7 0.294981
30.8 0.294157
30.9 0.293332
31 0.292505
31.1 0.291678
31.2 0.290852
31.3 0.290029
31.4 0.289209
31.5 0.288393
31.6 0.287584
31.7 0.286787
31.8 0.285995
31.9 0.285209
32 0.284427
32.1 0.283647
32.3 0.282091
32.4 0.281316
32.5 0.280547
32.6 0.279782
32.7 0.27902
32.8 0.278259
32.9 0.2775
33 0.276747
33.1 0.276004
33.2 0.275269
33.3 0.274539
33.4 0.27381
33.5 0.273083
33.6 0.272356
33.7 0.271629
33.8 0.270903
34 0.269449
34.1 0.26872
34.2 0.267987
34.3 0.267253
34.4 0.266521
34.5 0.26579
34.6 0.265061
34.7 0.264331
34.8 0.263602
35 0.262169
35.1 0.261459
35.2 0.260747
35.3 0.260036
35.4 0.259329
35.5 0.258627
35.6 0.257926
35.8 0.256539
35.9 0.255844
36 0.255146
36.1 0.254455
36.2 0.253768
36.3 0.253088
36.5 0.251749
36.6 0.251087
36.7 0.250428
36.8 0.249767
36.9 0.249097
37 0.248424
37.2 0.247084
37.3 0.24642
37.4 0.245764
37.5 0.245116
37.6 0.244469
37.8 0.24318
37.9 0.242544
38 0.241915
38.1 0.241291
38.3 0.240056
38.4 0.23944
38.5 0.238824
38.6 0.238212
38.8 0.236999
38.9 0.236394
39 0.235787
39.1 0.235185
39.3 0.233985
39.4 0.233381
39.5 0.232776
39.6 0.232177
39.8 0.23099
39.9 0.230401
40 0.229818
40.1 0.229244
40.3 0.228103
40.4 0.227533
40.5 0.226966
40.7 0.225834
40.8 0.225264
40.9 0.224695
41.1 0.223552
41.2 0.22298
41.3 0.222412
41.5 0.221291
41.6 0.220733
41.7 0.220174
41.9 0.219063
42 0.218505
42.1 0.21795
42.3 0.216851
42.4 0.216302
42.5 0.215752
42.7 0.214651
42.8 0.214097
43 0.212991
43.1 0.212436
43.2 0.211885
43.4 0.210808
43.5 0.210277
43.7 0.209228
43.8 0.20871
43.9 0.2082
44.1 0.207194
44.2 0.206691
44.4 0.205694
44.5 0.205196
44.6 0.204695
44.8 0.203679
44.9 0.203174
45.1 0.202164
45.2 0.201662
45.4 0.200672
45.5 0.200176
45.7 0.19919
45.8 0.198699
46 0.197714
46.1 0.197229
46.3 0.196268
46.4 0.19579
46.6 0.194819
46.7 0.194335
46.9 0.193385
47 0.192911
47.2 0.191961
47.3 0.191475
47.5 0.190486
47.6 0.189988
47.8 0.188998
47.9 0.188506
48.1 0.187542
48.2 0.187076
48.4 0.186132
48.5 0.18566
48.7 0.184751
48.9 0.183864
49 0.183425
49.2 0.182563
49.3 0.182132
49.5 0.181286
49.7 0.180453
49.8 0.180043
50 0.179229
50.1 0.178829
50.3 0.178034
50.5 0.177246
50.6 0.176848
50.8 0.176062
51 0.175297
51.1 0.174915
51.3 0.17413
51.4 0.17372
51.6 0.172888
51.8 0.172054
51.9 0.171655
52.1 0.170876
52.3 0.170106
52.5 0.169354
52.6 0.168978
52.8 0.168232
53 0.167474
53.1 0.167084
53.3 0.166312
53.5 0.165573
53.6 0.165208
53.8 0.164504
54 0.163826
54.2 0.163159
54.3 0.162827
54.5 0.162171
54.7 0.161508
54.9 0.160832
55 0.160494
55.2 0.159829
55.4 0.15917
55.6 0.158504
55.8 0.157821
55.9 0.157478
56.1 0.156807
56.3 0.156157
56.5 0.155505
56.7 0.154858
56.9 0.154232
57 0.153915
57.2 0.153257
57.4 0.152585
57.6 0.151897
57.8 0.15121
58 0.150518
58.1 0.15018
58.3 0.149529
58.5 0.148877
58.7 0.148213
58.9 0.147561
59.1 0.146891
59.3 0.146211
59.5 0.145558
59.7 0.14489
59.9 0.144189
60.1 0.143502
60.2 0.143165
60.4 0.142475
60.6 0.141769
60.8 0.141073
61 0.140392
61.2 0.139742
61.4 0.139095
61.6 0.138446
61.8 0.137791
62 0.137123
62.2 0.136445
62.4 0.135763
62.6 0.135066
62.8 0.134378
63 0.13368
63.2 0.133014
63.4 0.132369
63.6 0.131709
63.8 0.131056
64 0.130408
64.3 0.129438
64.5 0.128821
64.7 0.128221
64.9 0.127641
65.1 0.127063
65.3 0.126476
65.5 0.125919
65.7 0.125373
65.9 0.124791
66.1 0.124228
66.4 0.123455
66.6 0.122955
66.8 0.122461
67 0.121978
67.2 0.121516
67.4 0.121046
67.7 0.120342
67.9 0.119897
68.1 0.119444
68.3 0.119
68.5 0.11858
68.8 0.117882
69 0.117415
69.2 0.116979
69.4 0.116543
69.6 0.116091
69.9 0.115358
70.1 0.114862
70.3 0.114392
70.5 0.11392
70.8 0.113253
71 0.112832
71.2 0.112388
71.5 0.11173
71.7 0.111268
71.9 0.1108
72.2 0.110099
72.4 0.109664
72.6 0.109259
72.9 0.108665
73.1 0.108238
73.3 0.107803
73.6 0.107131
73.8 0.106673
74 0.106197
74.3 0.105493
74.5 0.105035
74.8 0.10439
75 0.103937
75.2 0.103527
75.5 0.102937
75.7 0.102552
76 0.101991
76.2 0.10166
76.5 0.101147
76.7 0.100807
77 0.1003
77.2 0.099976
77.5 0.0995547
77.7 0.0993306
78 0.0989657
78.2 0.0987216
78.5 0.0983567
78.7 0.0981342
79 0.0977785
79.2 0.0975167
79.5 0.0971291
79.7 0.0969026
80 0.0965571
80.3 0.0961675
80.5 0.0959143
80.8 0.0954987
81 0.0951935
81.3 0.0946947
81.6 0.0941429
81.8 0.0937591
82.1 0.0932139
82.3 0.0928885
82.6 0.0924473
82.9 0.0920518
83.1 0.0917931
83.4 0.0913529
83.7 0.0908943
84 0.0904688
84.2 0.0901988
84.5 0.0897187
84.8 0.0891345
85 0.0887872
85.3 0.0882656
85.6 0.0877079
85.9 0.0872399
86.1 0.0869219
86.4 0.0864982
86.7 0.086136
87 0.0857667
87.3 0.085424
87.5 0.0851749
87.8 0.0848106
88.1 0.0843651
88.4 0.0838568
88.7 0.0832757
89 0.0827329
89.3 0.0821198
89.5 0.0817236
89.8 0.0811801
90.1 0.0805294
90.4 0.0799288
90.7 0.0793464
91 0.0789026
91.3 0.0784727
91.6 0.0780314
91.9 0.0775538
92.2 0.0769219
92.5 0.076265
92.8 0.075555
93.1 0.0749474
93.4 0.0743833
93.7 0.0739053
94 0.0734056
94.3 0.0730056
94.6 0.0725403
94.9 0.0718521
95.2 0.0711987
95.5 0.0705706
95.8 0.0701548
96.1 0.0700969
96.4 0.0700023
96.7 0.069792
97.1 0.0698859
97.4 0.069975
97.7 0.0700608
98 0.0700137
98.3 0.0701947
98.6 0.0698394
99 0.0697914
99.3 0.069304
99.6 0.068548
99.9 0.0685942
200 0.0276391
300 0.019667
400 0.0165438
500 0.0147521
600 0.0136413
700 0.0127904
800 0.0120939
900 0.0115848
1000 0.0111858
1100 0.0108075
1200 0.0104405
1300 0.0100085
1400 0.00993486
1500 0.00969084
1600 0.00949074
1700 0.00943441
1800 0.00917439
1900 0.00909167
2000 0.00900219
2100 0.0087741
2200 0.00872683
2300 0.00858214
2400 0.00847629
2500 0.00850778
2600 0.00837216
2700 0.00829524
2800 0.00820405
2900 0.00823835
3000 0.00806596
3100 0.00803603
3200 0.00806107
3300 0.00788051
3400 0.00781973
3500 0.00787002
3600 0.00779018
3700 0.00771465
3800 0.00770544
3900 0.00762696
4000 0.00756436
4100 0.00757321
4200 0.0075148
4300 0.00734103
4400 0.00732853
4500 0.0073228
4600 0.00727918
4700 0.00737611
4800 0.00734144
4900 0.0073639
5000 0.00724586
5100 0.00729495
5200 0.00717569
5300 0.00711438
5400 0.00713886
5500 0.00718884
5600 0.00704372
5700 0.00703981
5800 0.00695546
5900 0.00693931
6000 0.00692333
6100 0.0068982
6200 0.00699
6300 0.00692434
6400 0.00684529
6500 0.00679639
6600 0.00669851
6700 0.00671707
6800 0.00679355
6900 0.00668613
7000 0.00672316
7100 0.00662602
7200 0.0067335
7300 0.00651586
7400 0.00656308
7500 0.00649979
7600 0.00654386
7700 0.00644874
7800 0.00647296
7900 0.00648993
8000 0.00643982
8100 0.00652346
8200 0.00653324
8300 0.00640038
8400 0.00638074
8500 0.00626126
8600 0.00636405
8700 0.00621946
8800 0.00640332
8900 0.00627111
9000 0.00620623
9100 0.00619404
9200 0.00609804
9300 0.006174
9400 0.00619146
9500 0.00619826
9600 0.00619575
9700 0.00612559
9800 0.00623225
9900 0.00607585
10000 0.00608668
10100 0.00615134
10200 0.00607615
10300 0.00599423
10400 0.00605401
10500 0.00596783
10600 0.00589581
10700 0.00595456
10800 0.00606642
10900 0.00588747
11000 0.00583197
11100 0.00591001
11200 0.00576474
11300 0.00591702
11400 0.00587631
11500 0.00587831
11600 0.00584026
11700 0.00576834
11800 0.00587521
11900 0.00579394
12000 0.00570533
12100 0.00578253
12200 0.00576622
12300 0.00569208
12400 0.00571397
12500 0.00566672
12600 0.00569138
12700 0.00557087
12800 0.00573758
12900 0.00561803
13000 0.00565908
13100 0.00566904
13200 0.00566924
13300 0.00558483
13400 0.00546946
13500 0.00558451
13600 0.00551935
13700 0.00551907
13800 0.00559844
13900 0.00556743
14000 0.00551639
14100 0.0055031
14200 0.00541459
14300 0.00551512
14400 0.0053749
14500 0.00549049
14600 0.00536636
14700 0.0053915
14800 0.00533583
14900 0.00535089
15000 0.00541698
15100 0.00536867
15200 0.0053279
15300 0.00527174
15400 0.00530572
15500 0.0052632
15600 0.00524929
15700 0.00528766
15800 0.00524656
15900 0.00526286
16000 0.0051655
16100 0.00511942
16200 0.00520484
16300 0.00512629
16400 0.00513555
16500 0.00512009
16600 0.00516607
16700 0.00514231
16800 0.00514584
16900 0.00518956
17000 0.00510999
17100 0.00502379
17200 0.0050509
17300 0.00496812
17400 0.00493623
17500 0.00497316
17600 0.00498943
17700 0.00513186
17800 0.00504031
17900 0.00504465
18000 0.00503554
18100 0.00492099
18200 0.00487699
18300 0.00518665
18400 0.00494876
18500 0.00498729
18600 0.00491843
18700 0.00486366
18800 0.00487116
18900 0.00493195
19000 0.00482655
19100 0.00489418
19200 0.00484078
19300 0.00489166
19400 0.00480835
19500 0.00471281
19600 0.00476291
19700 0.00476485
19800 0.00468595
19900 0.00462167
20000 0.00473015
20100 0.00471624
20200 0.00473838
20300 0.00471135
20400 0.00472113
20500 0.00468662
20600 0.00470465
20700 0.00459496
20800 0.0046855
20900 0.00460621
21000 0.00471013
21100 0.00468813
21200 0.00459952
21300 0.00459241
21400 0.00461286
21500 0.00450156
21600 0.00449829
21700 0.00464333
21800 0.00459648
21900 0.00455147
22000 0.00456776
22100 0.00456397
22200 0.00450093
22300 0.00450454
22400 0.00446524
22500 0.00447591
22600 0.00442429
22700 0.00440651
22800 0.00453923
22900 0.00442485
23000 0.0045408
23100 0.00443041
23200 0.00432712
23300 0.00447706
23400 0.00432512
23500 0.00438354
23600 0.00444527
23700 0.00440178
23800 0.00447977
23900 0.00432681
24000 0.00421561
24100 0.00434593
24200 0.00425071
24300 0.00421878
24400 0.00428325
24500 0.00426178
24600 0.00424776
24700 0.00438291
24800 0.00421834
24900 0.00422562
25000 0.00436544
25100 0.00428588
25200 0.0042512
25300 0.00421284
25400 0.00428667
25500 0.00418743
25600 0.00405636
25700 0.00416151
25800 0.00409865
25900 0.0040925
26000 0.00419409
26100 0.00416753
26200 0.00414469
26300 0.00412111
26400 0.00420043
26500 0.00414006
26600 0.00402322
26700 0.00401773
26800 0.0040681
26900 0.00408528
27000 0.00404116
27100 0.00391959
27200 0.00407281
27300 0.00407178
27400 0.00409803
27500 0.00402
27600 0.00402826
27700 0.00398838
27800 0.00392716
27900 0.00392051
28000 0.00396289
28100 0.00392191
28200 0.00394254
28300 0.00398157
28400 0.00379872
28500 0.0038302
28600 0.00377036
28700 0.00385738
28800 0.00398437
28900 0.00395199
29000 0.00392482
29100 0.00391759
29200 0.0039701
29300 0.00385453
29400 0.00390544
29500 0.00388495
29600 0.00384483
29700 0.00387322
29800 0.00381476
29900 0.00384661
30000 0.00378753
30100 0.00373362
30200 0.00377343
30300 0.00393398
30400 0.00389278
30500 0.00379533
30600 0.00381345
30700 0.00377651
30800 0.00378931
30900 0.00375588
31000 0.00371972
31100 0.00373465
31200 0.00362866
31300 0.00368105
31400 0.00374899
31500 0.00372716
31600 0.00363873
31700 0.00357884
31800 0.00356271
31900 0.0036645
32000 0.00366071
32100 0.00362136
32200 0.00367906
32300 0.00363822
32400 0.00365588
32500 0.00357208
32600 0.00361354
32700 0.00362704
32800 0.0035332
32900 0.00345549
33000 0.00340402
33200 0.00348687
33300 0.00352614
33400 0.00358477
33500 0.0035756
33600 0.00355144
33700 0.00350846
33800 0.00344136
33900 0.00337441
34000 0.00349348
34100 0.00353587
34200 0.00342989
34400 0.00340176
34500 0.00338048
34600 0.00341435
34700 0.00345437
34800 0.00333874
34900 0.00347593
35000 0.00337345
35100 0.00341944
35200 0.00325601
35400 0.0033791
35500 0.0033562
35600 0.00327674
35700 0.00333968
35800 0.00337458
35900 0.00339202
36100 0.00334094
36200 0.00334565
36300 0.00340001
36400 0.00339101
36500 0.00333822
36600 0.00333879
36800 0.0033026
36900 0.00337365
37000 0.00327826
37100 0.00326492
37200 0.00324566
37400 0.0032786
37500 0.00329042
37600 0.00325435
37700 0.00321076
37800 0.00324177
38000 0.00317835
38100 0.00316858
38200 0.00321397
38300 0.00326733
38400 0.00323848
38600 0.00319606
38700 0.00316059
38800 0.00309199
38900 0.00306509
39100 0.00308072
39200 0.00308374
39300 0.00323157
39500 0.00305157
39600 0.0031677
39700 0.00300219
39800 0.00303819
40000 0.00310554
40100 0.00319294
40200 0.00312246
40400 0.00303023
40500 0.00306292
40600 0.00306272
40700 0.00300917
40900 0.00290002
41000 0.00289888
41100 0.00285601
41300 0.00290274
41400 0.00302919
41500 0.00290258
41700 0.0031036
41800 0.00294946
41900 0.00297779
42100 0.00306947
42200 0.00296451
42300 0.00293498
42500 0.00294832
42600 0.002906
42800 0.00281063
42900 0.00294513
43000 0.00286442
43200 0.00291739
43300 0.00292468
43500 0.00296153
43600 0.00287359
43700 0.00282231
43900 0.00271938
44000 0.00276647
44200 0.0027436
44300 0.00276241
44400 0.00276345
44600 0.00278358
44700 0.00294942
44900 0.00283267
45000 0.00274852
45200 0.00278602
45300 0.0027537
45500 0.00277442
45600 0.00278435
45800 0.00275456
45900 0.00265514
46000 0.00268825
46200 0.00266069
46300 0.0027078
46500 0.00262111
46600 0.00270115
46800 0.00267377
46900 0.00264668
47100 0.00262789
47200 0.00260517
47400 0.00254096
47600 0.00270171
47700 0.00259237
47900 0.0024814
48000 0.00252049
48200 0.00250414
48300 0.00248983
48500 0.00243902
48600 0.00252546
48800 0.00251216
49000 0.0025685
49100 0.00257571
49300 0.00251165
49400 0.00251628
49600 0.00255599
49700 0.00253801
49900 0.00237271
50100 0.00246749
50200 0.00262437
50400 0.0024565
50600 0.00240018
50700 0.00245163
50900 0.00244625
51000 0.00248837
51200 0.00234066
51400 0.00241007
51500 0.00246655
51700 0.00244089
51900 0.00241902
52000 0.00247422
52200 0.00235209
52400 0.00243516
52500 0.00231687
52700 0.00235876
52900 0.00237903
53100 0.00232625
53200 0.00227634
53400 0.00237528
53600 0.00237133
53700 0.00230067
53900 0.00231157
54100 0.00219355
54300 0.00229398
54400 0.00221725
54600 0.00232056
54800 0.00224408
55000 0.00223757
55100 0.00222064
55300 0.00226077
55500 0.00218862
55700 0.00223745
55900 0.00216755
56000 0.00223398
56200 0.00219011
56400 0.00215607
56600 0.00218305
56800 0.00215484
57000 0.00214805
57100 0.00229358
57300 0.00215385
57500 0.00214882
57700 0.00215238
57900 0.00209405
58100 0.00208235
58300 0.00217137
58400 0.00211619
58600 0.00195659
58800 0.0021519
59000 0.00206224
59200 0.00201898
59400 0.00209806
59600 0.00197717
59800 0.00197758
60000 0.00202749
60200 0.00209353
60400 0.00197692
60600 0.00196892
60700 0.00202862
60900 0.00196742
61100 0.00199093
61300 0.00205088
61500 0.00192218
61700 0.00201316
61900 0.00196277
62100 0.00197487
62300 0.00198091
62500 0.00192318
62700 0.00190779
62900 0.00197447
63100 0.00196251
63300 0.00201206
63500 0.00195986
63800 0.00189089
64000 0.00180417
64200 0.00183667
64400 0.00183015
64600 0.00184763
64800 0.00176873
65000 0.00183076
65200 0.00181575
65400 0.00176629
65600 0.00180655
65800 0.00173691
66100 0.00183181
66300 0.00180829
66500 0.00172823
66700 0.00180046
66900 0.00175706
67100 0.00172125
67300 0.00183375
67600 0.0017347
67800 0.00166502
68000 0.00176819
68200 0.00167421
68400 0.00168751
68700 0.00168185
68900 0.00172285
69100 0.00161529
69300 0.0017735
69500 0.00157005
69800 0.00167166
70000 0.00168315
70200 0.001637
70400 0.00167554
70700 0.00162856
70900 0.00154752
71100 0.00154745
71400 0.00150914
71600 0.00163465
71800 0.00163136
72100 0.00149234
72300 0.00157377
72500 0.00152586
72800 0.0016425
73000 0.00163669
73200 0.00160313
73500 0.00160624
73700 0.00161876
73900 0.00165766
74200 0.00157038
74400 0.00152658
74700 0.00150367
74900 0.00152075
75100 0.00148459
75400 0.00159217
75600 0.00149393
75900 0.00149643
76100 0.00152827
76400 0.00140902
76600 0.00144631
76900 0.00134649
77100 0.00145427
77300 0.00141338
77600 0.00155512
77800 0.00142765
78100 0.00144904
78400 0.00140589
78600 0.00135368
78900 0.00147852
79100 0.0014439
79400 0.00150201
79600 0.00133626
79900 0.00123261
80100 0.00135508
80400 0.00127516
80700 0.00128114
80900 0.00124621
81200 0.00138017
81400 0.00132555
81700 0.00129081
82000 0.00127289
82200 0.00137958
82500 0.00131889
82800 0.00136203
83000 0.00120424
83300 0.00123281
83600 0.00129547
83800 0.00135603
84100 0.00134078
84400 0.00115251
84700 0.00114417
84900 0.00116826
85200 0.00127718
85500 0.00120671
85800 0.00125362
86000 0.00127269
86300 0.00121288
86600 0.00123045
86900 0.00118165
87100 0.00113979
87400 0.00122597
87700 0.00128315
88000 0.00132981
88300 0.00118347
88600 0.00118856
88800 0.001186
89100 0.00114544
89400 0.00104488
89700 0.00113129
90000 0.00109742
90300 0.00111528
90600 0.00108743
90900 0.00113244
91200 0.00107359
91500 0.00112874
91800 0.00109003
92100 0.00103621
92300 0.00110723
92600 0.00110976
92900 0.00108134
93200 0.000959947
93500 0.000965336
93800 0.00114578
94200 0.00101073
94500 0.00103252
94800 0.000999085
95100 0.00108672
95400 0.000963527
95700 0.0010067
96000 0.00105698
96300 0.00101523
96600 0.000963959
96900 0.00104395
97200 0.00102402
97500 0.00106344
97900 0.000929488
98200 0.00100538
98500 0.00106913
98800 0.000867578
99100 0.000929049
99500 0.000955632
99800 0.000905546
100100 0.00103507
100400 0.000927617
100700 0.000940925
101100 0.000875218
101400 0.00101845
101700 0.000828723
102100 0.000947479
102400 0.000993897
102700 0.00083175
103000 0.000791596
103400 0.000955152
103700 0.00091794
104000 0.000906558
104400 0.000907604
104700 0.00093103
105100 0.000971535
105400 0.000852016
105700 0.000939887
106100 0.000859527
106400 0.00078507
106800 0.000875784
107100 0.000807185
107500 0.000893435
107800 0.00079997
108100 0.000787373
108500 0.000821439
108800 0.000750844
109200 0.000821291
109500 0.000700348
109900 0.000726068
110300 0.000806463
110600 0.000739825
111000 0.000735647
111300 0.000827661
111700 0.000697761
112000 0.00087768
112400 0.000643745
112800 0.000714511
113100 0.000661337
113500 0.000808731
113900 0.000750291
114200 0.000717142
114600 0.000702878
115000 0.000801525
115300 0.000566236
115700 0.000721178
116100 0.000773558
116500 0.000644194
116800 0.000797057
117200 0.000710972
117600 0.00060993
118000 0.00060331
118400 0.000744379
118700 0.000708936
119100 0.000682658
119500 0.000648194
119900 0.000617019
120300 0.000537473
120700 0.000570691
121100 0.000687124
121400 0.000653242
121800 0.000595106
122200 0.000654144
122600 0.00053549
123000 0.00054546
123400 0.000704654
123800 0.000590362
124200 0.000573708
124600 0.000670281
125000 0.000549735
125400 0.000641083
125800 0.000512874
126200 0.000697716
126600 0.000611156
127100 0.000579302
127500 0.000453035
127900 0.000511584
128300 0.000639186
128700 0.000424665
129100 0.000531839
129500 0.000559049
130000 0.000548695
130400 0.000470262
130800 0.00046067
131200 0.000678876
131600 0.000441892
132100 0.000541095
132500 0.000530986
132900 0.000509061
133300 0.000463061
133800 0.000467444
134200 0.000483558
134600 0.000566007
135100 0.000444131
135500 0.000490172
136000 0.000635687
136400 0.000520817
136800 0.000560862
137300 0.000497955
137700 0.000398455
138200 0.000329232
138600 0.000463811
139100 0.00050486
139500 0.000456363
140000 0.000440555
140400 0.000474153
140900 0.000457866
141300 0.000306904
141800 0.000319625
142200 0.000355138
142700 0.000357977
143100 0.000359349
143600 0.000320117
144100 0.000379817
144500 0.000421009
145000 0.000426739
145500 0.000232993
145900 0.000374243
146400 0.000457472
146900 0.000419091
147400 0.000396059
147800 0.000445236
148300 0.000471129
148800 0.000344226
149300 0.000451137
149800 0.00032322
150200 0.00035426
150700 0.000336658
151200 0.000341557
151700 0.000278299
152200 0.000306912
152700 0.000370408
153200 0.000395435
153700 0.000415803
154200 0.000365846
154700 0.000211072
155200 0.000305042
155700 0.000341012
156200 0.00031732
156700 0.000391089
157200 0.000422445
157700 0.000383389
158200 0.000316786
158700 0.000328329
159200 0.000265322
159700 0.000330191
160200 0.000279801
160800 0.000192065
161300 0.000329769
161800 0.000216702
162300 0.000235291
162800 0.000280522
163400 0.000311598
163900 0.000302976
164400 0.000284808
165000 0.000290997
165500 0.000272447
166000 0.000237434
166600 0.000353147
167100 0.000166195
167600 0.000310624
168200 0.000195145
168700 0.000336703
169300 0.000217361
169800 0.000214901
170400 0.000323327
170900 0.000271776
171500 0.000220484
172000 0.000240938
172600 0.000215329
173100 0.000118833
173700 0.000263686
174300 0.000318606
174800 8.06547e-05
175400 0.000257562
175900 0.000223684
176500 0.000218004
177100 0.000322605
177700 0.000186007
178200 0.0001833
178800 0.000220048
179400 0.00015514
180000 0.000188182
180500 0.000202947
181100 0.000182603
181700 0.000319355
182300 0.000158637
182900 0.000224672
183500 0.000132948
184100 0.000173913
184700 0.000256054
185300 0.000177769
185900 0.000167744
186500 0.000203459
187100 0.000320419
187700 0.000151142
188300 0.000157461
188900 0.000132437
189500 0.00026847
190100 0.00025557
190700 0.00030321
191300 0.000194714
191900 0.000138778
192600 0.000181275
193200 0.000253731
193800 0.000201225
194400 0.000207912
195100 0.000192023
195700 0.000107894
196300 0.000224189
197000 0.000197791
197600 0.000141163
198200 0.000140711
198900 0.000194221
199500 7.5516e-05
200200 0.000248982
200800 0.000150043
201500 0.000215949
202100 0.000138544
202800 0.000129353
203400 3.47113e-05
204100 0.000165284
204700 0.000164312
205400 0.00017125
206000 0.00016275
206700 0.000217229
207400 0.000136465
208100 0.000180319
208700 7.76939e-05
209400 0.000165984
210100 0.000189626
210800 0.000160801
211400 0.000118245
212100 7.79086e-05
212800 4.20571e-05
213500 9.56275e-05
214200 0.00017112
214900 0.000128524
215600 0.000150471
216300 7.62904e-05
217000 0.000177542
217700 7.18331e-05
218400 0.000171232
219100 0.000108218
219800 0.000137923
220500 -8.48288e-06
221200 7.19827e-05
221900 0.000143388
222600 4.08937e-05
223300 7.60123e-06
224100 2.68139e-05
224800 0.000237513
225500 3.77223e-05
226200 7.01094e-05
227000 9.12276e-05
227700 8.77787e-05
228400 8.07233e-05
229200 7.81693e-05
229900 7.64467e-05
230700 0.000159218
231400 0.000117026
232100 0.000125842
232900 0.000149755
233700 2.76419e-05
234400 0.000137547
235200 6.49252e-05
235900 9.49207e-05
236700 0.000105817
237400 -7.53296e-05
238200 8.99992e-05
239000 9.21185e-05
239800 6.74839e-05
240500 2.48788e-05
241300 -2.71634e-05
242100 0.000149614
242900 6.93057e-05
243700 7.65976e-05
244400 3.08431e-05
245200 0.000148744
246000 -7.10195e-06
246800 4.29967e-05
247600 0.000132417
248400 -4.82793e-06
249200 1.28618e-05
250000 3.29738e-08
250800 0.000141054
251600 2.93581e-05
252400 5.251e-05
253300 6.4778e-06
254100 2.59665e-05
254900 2.34547e-05
255700 7.40178e-05
256500 -6.25631e-05
257400 1.01616e-05
258200 9.0218e-05
259000 8.81253e-05
259900 0.00010589
260700 0.000108023
261600 1.35613e-05
262400 3.16852e-05
263200 0.00022115
264100 3.23474e-05
265000 -1.94631e-05
265800 0.000181184
266700 2.61062e-05
267500 3.35837e-05
268400 7.77944e-05
269300 5.43101e-05
270100 6.73365e-05
271000 -5.96724e-05
271900 0.00011126
272800 4.32437e-05
273600 -7.53916e-05
274500 0.000158397
275400 0.000178877
276300 6.0188e-05
277200 -4.83622e-05
278100 -3.21568e-05
279000 2.78337e-05
279900 5.09412e-05
280800 0.000138589
281700 5.04285e-05
282600 7.1737e-05
283500 -7.22749e-05
284400 -3.79151e-05
285300 -0.000172992
286300 -2.42451e-05
287200 0.000170839
288100 -2.45243e-05
289000 3.82877e-05
290000 -2.84477e-05
290900 3.98362e-05
291900 0.000148088
292800 -3.62218e-05
293700 6.12561e-05
294700 4.26036e-05
295600 0.000185774
296600 -0.00011137
297600 6.78242e-05
298500 3.13196e-05
299500 0.000114786
300400 4.22823e-05
301400 -1.75353e-07
302400 -6.9225e-05
303400 -8.60453e-05
304300 6.41548e-06
305300 -4.166e-05
306300 0.000115722
307300 5.67932e-05
308300 -3.63843e-05
309300 2.18484e-05
310300 4.2519e-05
311300 1.94433e-05
312300 -1.07837e-05
313300 0.000190677
314300 1.57602e-05
315300 0.000169772
316400 0.000123003
317400 1.16286e-06
318400 5.78654e-05
319400 4.97466e-05
320500 6.36654e-05
321500 3.39415e-05
322500 1.25728e-05
323600 3.45845e-05
324600 1.63329e-05
325700 -9.00221e-07
326700 6.42859e-05
327800 -4.0197e-06
328800 0.000173923
329900 9.59339e-05
331000 8.53549e-05
332000 7.58736e-05
333100 2.1612e-06
334200 -5.07443e-05
335300 -7.26143e-06
336300 0.00013238
337400 -6.59665e-06
338500 2.97845e-05
339600 2.73263e-05
340700 1.9163e-05
341800 8.69093e-05
342900 1.70927e-05
344000 4.03561e-05
345100 8.40625e-05
346200 1.23666e-05
347400 -8.07785e-05
348500 5.05413e-05
349600 -2.48676e-05
350700 7.51892e-05
351900 0.000103878
353000 -0.000122459
354100 -4.87056e-05
355300 1.76349e-06
356400 -1.24242e-05
357600 0.000155267
358700 1.24982e-05
359900 -2.09226e-05
361100 0.000146438
362200 6.38423e-06
363400 -0.000129883
364600 -2.27143e-05
365700 2.80446e-06
366900 9.16543e-05
368100 -2.50661e-05
369300 0.000111067
370500 2.661e-05
371700 -9.3801e-05
372900 -6.87472e-05
374100 7.37976e-05
375300 9.04882e-05
376500 -7.24083e-05
377700 -4.37661e-06
378900 -2.1539e-05
380200 4.40799e-05
381400 0.000134791
382600 0.000106853
383900 1.0144e-05
385100 5.70241e-05
386300 0.000131424
387600 -2.34038e-05
388800 6.88487e-06
390100 -7.41771e-07
391400 5.84992e-06
392600 2.13199e-05
393900 9.62415e-05
395200 4.65622e-05
396400 5.54777e-05
397700 -3.76023e-05
399000 0.000121413
400300 -3.05584e-05
401600 0.000134065
402900 -5.33954e-05
404200 -3.94036e-05
405500 -5.73087e-05
406800 7.498e-05
408100 -9.83421e-05
409400 3.00102e-05
410700 0.0001999
412100 8.86846e-06
413400 -1.36111e-05
414700 0.000134096
416100 6.23506e-05
417400 -5.07514e-05
418800 0.000102274
420100 -1.14577e-05
421500 -3.15237e-06
422800 9.23063e-05
424200 -5.71211e-05
425600 6.08896e-05
426900 0.000149337
428300 1.13652e-05
429700 6.76917e-05
431100 3.81501e-05
432500 -3.73102e-05
433900 -3.59172e-05
435300 6.39283e-05
436700 6.26216e-05
438100 -0.000116089
439500 -7.00607e-05
440900 -2.82965e-06
442400 9.22202e-05
443800 -3.06015e-05
445200 -0.000119763
446700 1.34999e-05
448100 5.66357e-05
449600 5.10623e-05
451000 -0.000138387
452500 1.6399e-05
453900 -4.75027e-05
455400 5.06413e-05
456900 -2.83029e-05
458300 1.13288e-05
459800 4.74968e-05
461300 -2.61082e-06
462800 1.78799e-05
464300 6.50104e-07
465800 -0.000103618
467300 0.000141493
468800 5.86754e-05
470300 3.7315e-05
471800 -8.25492e-05
473300 7.52991e-05
474900 -7.30054e-05
476400 -5.60077e-07
477900 -4.37449e-05
479500 7.30661e-05
481000 1.99132e-05
482600 7.76357e-06
484200 2.15961e-05
485700 0.000121731
487300 8.90953e-05
488900 4.57568e-05
490400 2.96432e-05
492000 -9.12305e-06
493600 -7.07364e-05
495200 -1.80216e-05
496800 0.000118118
498400 0.000105903
500000 0.000228832
501600 5.7882e-05
503200 -9.53593e-05
504900 9.87095e-05
506500 1.85118e-05
508100 4.99219e-05
509800 6.40693e-06
511400 0.000114436
513100 -3.33847e-05
514700 1.12063e-05
516400 4.12884e-05
518100 7.4336e-05
519700 -4.72984e-05
521400 -1.00917e-05
523100 9.75773e-05
524800 -1.22418e-05
526500 9.22283e-05
528200 -4.33181e-05
529900 -7.73723e-05
531600 -4.5691e-05
533300 5.47808e-05
535000 5.13729e-05
536800 3.55097e-05
538500 2.14438e-05
540200 5.15887e-05
542000 0.000176305
543700 -2.96433e-05
545500 3.59176e-05
547300 -8.47983e-05
549000 4.02098e-06
550800 -6.11387e-05
552600 -2.00643e-05
554400 6.10129e-05
556100 7.50988e-05
557900 -5.10224e-05
559700 -7.7948e-05
561600 4.85515e-05
563400 -0.000101118
565200 -3.73986e-05
567000 0.000155984
568800 1.0341e-05
570700 2.45644e-05
572500 7.14644e-05
574400 0.000170197
576200 8.76273e-06
578100 -1.79005e-05
579900 -2.86106e-05
581800 -8.66492e-05
583700 5.63315e-05
585600 -7.43777e-05
587500 2.63757e-05
589400 -6.70296e-05
591300 -0.000175068
593200 -2.16515e-05
595100 7.44165e-05
597000 -6.19442e-05
599000 8.71551e-05
600900 0.000159032
602800 -0.000138963
604800 9.21634e-05
606700 4.37468e-05
608700 -4.50005e-05
610700 9.94352e-05
612600 2.89016e-06
614600 0.000176844
616600 -7.32617e-05
618600 4.71062e-05
620600 1.05573e-05
622600 5.9296e-05
624600 -1.92186e-05
626600 -2.17891e-05
628600 0.000167621
630700 -7.92895e-05
632700 0.000136076
634700 0.000186856
636800 -7.58724e-06
638800 7.64486e-07
640900 5.57079e-05
643000 2.3797e-05
645100 0.000153206
647100 0.000188816
649200 -4.86165e-05
651300 4.12549e-05
653400 -1.63356e-05
655500 -5.68735e-05
657700 8.84568e-05
659800 2.22789e-05
661900 -4.20316e-05
664000 -6.92717e-05
666200 -5.65626e-05
668300 -0.000165133
670500 -3.6421e-05
672700 -2.88975e-05
674800 -9.27418e-05
677000 -0.000130645
679200 2.70363e-05
681400 3.9359e-06
683600 0.000109707
685800 1.07283e-05
688000 -2.41749e-05
690200 0.000122191
692500 7.33779e-05
694700 8.57381e-05
696900 -2.83136e-05
699200 -7.17783e-05
701500 3.13685e-05
703700 -2.87326e-05
706000 4.91028e-05
708300 6.03548e-05
710600 2.54923e-05
712900 4.21558e-05
715200 -0.000137041
717500 -6.09064e-05
719800 -0.000119163
722100 0.000104151
724400 -4.67671e-05
726800 0.000115281
729100 -0.000107002
731500 -5.73711e-05
733800 1.55766e-05
736200 -0.000187657
738600 0.000145522
741000 -0.000300313
743400 -0.000146516
745800 -5.3602e-05
748200 3.60349e-05
750600 -6.24221e-05
753000 -3.01596e-05
755400 -0.000124188
757900 -5.63719e-05
760300 -2.90281e-05
762800 0.000126941
765300 8.71484e-05
767700 -9.26209e-05
770200 -3.80578e-05
772700 -2.73483e-05
775200 -0.000224933
777700 -0.000160515
780200 -9.89564e-05
782700 -1.84324e-05
785200 -0.000123802
787800 0.000113883
790300 0.00014943
792900 3.55915e-05
795400 8.3919e-05
798000 -5.25558e-05
800600 0.000136401
803200 0.000137655
805800 4.50083e-05
808400 -0.000205393
811000 -0.000237028
813600 0.000101824
816200 5.62199e-05
818900 1.07699e-05
821500 -2.87314e-05
824200 0.000121368
826800 -5.1223e-05
829500 -2.88255e-05
832200 5.24271e-05
834900 -0.000305042
837500 9.98877e-06
840300 -7.49897e-05
843000 0.00021491
845700 -0.000133008
848400 -7.92116e-06
851200 0.000330426
853900 -8.73879e-06
856700 -0.000222732
859400 0.00014613
862200 3.17896e-05
865000 9.06207e-05
867800 0.000181221
870600 -3.85997e-05
873400 0.000105667
876200 1.95787e-05
879000 0.000143098
881900 0.000129758
884700 0.000174426
887600 -7.3659e-05
890500 0.000180439
893300 -9.56536e-05
896200 9.14719e-05
899100 -8.72581e-06
902000 0.000364746
904900 -2.49788e-06
907900 -0.000123779
910800 0.000181001
913700 -0.00014984
916700 -0.000105672
919600 0.000182628
922600 -4.03789e-05
925600 -5.41329e-05
928600 9.94248e-05
931600 -0.000228288
934600 -0.000290382
937600 9.01123e-05
940600 2.16834e-05
943700 0.0001938
946700 0.000387378
949800 0.000209375
952800 0.000398081
955900 0.00040702
959000 -0.000309959
962100 -0.000185558
965200 7.11899e-05
968300 3.16938e-05
971400 -0.000562289
974600 0.00057149
977700 0.00018074
980900 0.000414199
984100 -0.000212301
987200 -0.000270375
990400 -0.000615271
993600 0.000413658
996800 -0.000555544
1e+06 0.00172592
