lag_time C_t
0 1
0.1 0.999832
0.2 0.999505
0.3 0.99916
0.4 0.99883
0.5 0.998519
0.6 0.998225
0.7 0.997946
0.8 0.997679
0.9 0.997421
1 0.997172
1.1 0.996931
1.2 0.996695
1.3 0.996465
1.4 0.996239
1.5 0.996018
1.6 0.9958
1.7 0.995586
1.8 0.995375
1.9 0.995166
2 0.99496
2.1 0.994757
2.2 0.994555
2.3 0.994356
2.4 0.994158
2.5 0.993962
2.6 0.993768
2.7 0.993576
2.8 0.993386
2.9 0.993197
3 0.993011
3.1 0.992825
3.2 0.992642
3.3 0.992459
3.4 0.992279
3.5 0.992099
3.6 0.991921
3.7 0.991744
3.8 0.991569
3.9 0.991394
4 0.99122
4.1 0.991048
4.2 0.990876
4.3 0.990705
4.4 0.990535
4.5 0.990367
4.6 0.9902
4.7 0.990033
4.8 0.989868
4.9 0.989702
5 0.989538
5.1 0.989374
5.2 0.989211
5.3 0.989048
5.4 0.988887
5.5 0.988725
5.6 0.988565
5.7 0.988405
5.8 0.988246
5.9 0.988088
6 0.98793
6.1 0.987774
6.2 0.987617
6.3 0.987461
6.4 0.987306
6.5 0.987151
6.6 0.986995
6.7 0.98684
6.8 0.986686
6.9 0.986531
7 0.986377
7.1 0.986223
7.2 0.98607
7.3 0.985918
7.4 0.985766
7.5 0.985615
7.6 0.985464
7.7 0.985315
7.8 0.985166
7.9 0.985018
8 0.984871
8.1 0.984725
8.2 0.984579
8.3 0.984434
8.4 0.984289
8.5 0.984143
8.6 0.983999
8.7 0.983854
8.8 0.983709
8.9 0.983565
9 0.983422
9.1 0.983278
9.2 0.983135
9.3 0.982993
9.4 0.982851
9.5 0.982708
9.6 0.982567
9.7 0.982425
9.8 0.982284
9.9 0.982143
10 0.982002
10.1 0.981861
10.2 0.981721
10.3 0.981581
10.4 0.981442
10.5 0.981304
10.6 0.981166
10.7 0.981029
10.8 0.980892
10.9 0.980755
11 0.980618
11.1 0.980482
11.2 0.980346
11.3 0.98021
11.4 0.980074
11.5 0.979939
11.6 0.979805
11.7 0.97967
11.8 0.979536
11.9 0.979402
12 0.979269
12.1 0.979136
12.2 0.979004
12.3 0.978872
12.4 0.978739
12.5 0.978608
12.6 0.978475
12.7 0.978343
12.8 0.978212
12.9 0.97808
13 0.977949
13.1 0.977818
13.2 0.977687
13.3 0.977556
13.4 0.977425
13.5 0.977294
13.6 0.977164
13.7 0.977034
13.8 0.976905
13.9 0.976776
14 0.976647
14.1 0.976519
14.2 0.976391
14.3 0.976262
14.4 0.976134
14.5 0.976006
14.6 0.975877
14.7 0.975749
14.8 0.975622
14.9 0.975495
15 0.975369
15.1 0.975243
15.2 0.975117
15.3 0.974991
15.4 0.974865
15.5 0.97474
15.6 0.974615
15.7 0.974489
15.8 0.974363
15.9 0.974237
16 0.974112
16.1 0.973987
16.2 0.973862
16.3 0.973737
16.4 0.973612
16.5 0.973486
16.6 0.973361
16.7 0.973236
16.8 0.973111
16.9 0.972986
17 0.972861
17.1 0.972737
17.2 0.972612
17.3 0.972488
17.4 0.972364
17.5 0.972239
17.6 0.972116
17.7 0.971992
17.8 0.97187
17.9 0.971748
18 0.971627
18.1 0.971505
18.2 0.971383
18.3 0.971261
18.4 0.971139
18.5 0.971018
18.6 0.970897
18.7 0.970776
18.8 0.970655
18.9 0.970534
19 0.970413
19.1 0.970292
19.2 0.970171
19.3 0.970051
19.4 0.96993
19.5 0.969809
19.6 0.969689
19.7 0.969569
19.8 0.969449
19.9 0.96933
20 0.96921
20.1 0.969091
20.2 0.968973
20.3 0.968854
20.4 0.968736
20.5 0.968618
20.6 0.968501
20.7 0.968383
20.8 0.968267
20.9 0.96815
21 0.968033
21.1 0.967917
21.2 0.9678
21.3 0.967684
21.4 0.967567
21.5 0.967451
21.6 0.967336
21.7 0.96722
21.8 0.967106
21.9 0.966991
22 0.966877
22.1 0.966763
22.2 0.96665
22.3 0.966536
22.4 0.966423
22.5 0.966309
22.6 0.966196
22.7 0.966082
22.8 0.965969
22.9 0.965855
23 0.965741
23.1 0.965628
23.2 0.965514
23.3 0.965401
23.4 0.965288
23.5 0.965175
23.6 0.965061
23.7 0.964948
23.8 0.964835
23.9 0.964722
24 0.964609
24.1 0.964496
24.2 0.964383
24.3 0.96427
24.4 0.964158
24.5 0.964046
24.6 0.963934
24.7 0.963822
24.8 0.963711
24.9 0.9636
25 0.96349
25.1 0.963379
25.2 0.963269
25.3 0.96316
25.4 0.96305
25.5 0.962941
25.6 0.962833
25.7 0.962724
25.8 0.962616
25.9 0.962508
26 0.962401
26.1 0.962293
26.2 0.962186
26.3 0.962079
26.4 0.961972
26.5 0.961865
26.6 0.961759
26.7 0.961652
26.8 0.961545
26.9 0.961439
27 0.961333
27.1 0.961227
27.2 0.961121
27.3 0.961015
27.4 0.960908
27.5 0.960802
27.6 0.960695
27.7 0.960589
27.8 0.960483
27.9 0.960377
28 0.960271
28.1 0.960165
28.2 0.960058
28.3 0.959952
28.4 0.959847
28.5 0.959741
28.6 0.959636
28.7 0.959531
28.8 0.959426
28.9 0.959321
29 0.959217
29.1 0.959113
29.2 0.959009
29.3 0.958905
29.4 0.958801
29.5 0.958697
29.6 0.958594
29.7 0.95849
29.8 0.958386
29.9 0.958282
30 0.958178
30.1 0.958074
30.2 0.957971
30.3 0.957868
30.4 0.957764
30.5 0.957661
30.6 0.957558
30.7 0.957455
30.8 0.957352
30.9 0.957249
31 0.957147
31.1 0.957044
31.2 0.956942
31.3 0.956839
31.4 0.956737
31.5 0.956634
31.6 0.956532
31.7 0.956429
31.8 0.956327
31.9 0.956225
32 0.956123
32.1 0.956022
32.3 0.955819
32.4 0.955718
32.5 0.955616
32.6 0.955514
32.7 0.955412
32.8 0.955311
32.9 0.955209
33 0.955107
33.1 0.955006
33.2 0.954904
33.3 0.954803
33.4 0.954701
33.5 0.954599
33.6 0.954497
33.7 0.954395
33.8 0.954294
34 0.95409
34.1 0.953988
34.2 0.953886
34.3 0.953785
34.4 0.953684
34.5 0.953583
34.6 0.953482
34.7 0.953382
34.8 0.953282
35 0.953081
35.1 0.952981
35.2 0.952881
35.3 0.952781
35.4 0.952681
35.5 0.952582
35.6 0.952482
35.8 0.952285
35.9 0.952186
36 0.952088
36.1 0.95199
36.2 0.951892
36.3 0.951794
36.5 0.951598
36.6 0.951501
36.7 0.951403
36.8 0.951306
36.9 0.951209
37 0.951112
37.2 0.950917
37.3 0.95082
37.4 0.950723
37.5 0.950626
37.6 0.950529
37.8 0.950334
37.9 0.950237
38 0.950139
38.1 0.950042
38.3 0.949848
38.4 0.949751
38.5 0.949654
38.6 0.949557
38.8 0.949363
38.9 0.949266
39 0.949169
39.1 0.949072
39.3 0.948878
39.4 0.948781
39.5 0.948684
39.6 0.948587
39.8 0.948395
39.9 0.948299
40 0.948202
40.1 0.948107
40.3 0.947916
40.4 0.94782
40.5 0.947724
40.7 0.947533
40.8 0.947438
40.9 0.947343
41.1 0.947153
41.2 0.947058
41.3 0.946962
41.5 0.94677
41.6 0.946674
41.7 0.946579
41.9 0.946387
42 0.946291
42.1 0.946195
42.3 0.946004
42.4 0.945909
42.5 0.945815
42.7 0.945629
42.8 0.945536
43 0.94535
43.1 0.945258
43.2 0.945166
43.4 0.944983
43.5 0.944892
43.7 0.944708
43.8 0.944617
43.9 0.944526
44.1 0.944344
44.2 0.944253
44.4 0.944071
44.5 0.943979
44.6 0.943887
44.8 0.943702
44.9 0.94361
45.1 0.943427
45.2 0.943336
45.4 0.943156
45.5 0.943066
45.7 0.942887
45.8 0.942798
46 0.942617
46.1 0.942526
46.3 0.942344
46.4 0.942252
46.6 0.942068
46.7 0.941975
46.9 0.941791
47 0.9417
47.2 0.941517
47.3 0.941426
47.5 0.941243
47.6 0.941151
47.8 0.940968
47.9 0.940876
48.1 0.940695
48.2 0.940605
48.4 0.940424
48.5 0.940333
48.7 0.94015
48.9 0.939967
49 0.939875
49.2 0.939692
49.3 0.939601
49.5 0.93942
49.7 0.939239
49.8 0.93915
50 0.938971
50.1 0.938881
50.3 0.938702
50.5 0.938523
50.6 0.938434
50.8 0.938254
51 0.938074
51.1 0.937985
51.3 0.937804
51.4 0.937714
51.6 0.937536
51.8 0.937359
51.9 0.937271
52.1 0.937094
52.3 0.936918
52.5 0.93674
52.6 0.936652
52.8 0.936476
53 0.936301
53.1 0.936214
53.3 0.93604
53.5 0.935864
53.6 0.935776
53.8 0.935602
54 0.93543
54.2 0.935259
54.3 0.935174
54.5 0.935005
54.7 0.934838
54.9 0.93467
55 0.934586
55.2 0.934416
55.4 0.934245
55.6 0.934074
55.8 0.933904
55.9 0.93382
56.1 0.933653
56.3 0.933487
56.5 0.93332
56.7 0.933152
56.9 0.932986
57 0.932902
57.2 0.932735
57.4 0.932569
57.6 0.932401
57.8 0.932233
58 0.932063
58.1 0.931979
58.3 0.931809
58.5 0.931639
58.7 0.93147
58.9 0.931301
59.1 0.931135
59.3 0.930968
59.5 0.930801
59.7 0.930634
59.9 0.930467
60.1 0.9303
60.2 0.930215
60.4 0.930046
60.6 0.929876
60.8 0.929704
61 0.929532
61.2 0.929358
61.4 0.929187
61.6 0.929017
61.8 0.928849
62 0.928682
62.2 0.928515
62.4 0.928348
62.6 0.928183
62.8 0.92802
63 0.927856
63.2 0.927694
63.4 0.927533
63.6 0.927373
63.8 0.927213
64 0.927052
64.3 0.926814
64.5 0.926653
64.7 0.926489
64.9 0.926325
65.1 0.926163
65.3 0.926003
65.5 0.925843
65.7 0.925681
65.9 0.925518
66.1 0.925354
66.4 0.925111
66.6 0.924948
66.8 0.924788
67 0.924628
67.2 0.924469
67.4 0.924311
67.7 0.924077
67.9 0.923924
68.1 0.923772
68.3 0.923619
68.5 0.923466
68.8 0.923236
69 0.923084
69.2 0.922933
69.4 0.922782
69.6 0.92263
69.9 0.922403
70.1 0.922251
70.3 0.9221
70.5 0.921948
70.8 0.921721
71 0.92157
71.2 0.921421
71.5 0.921193
71.7 0.92104
71.9 0.920885
72.2 0.920653
72.4 0.920498
72.6 0.920344
72.9 0.920114
73.1 0.919963
73.3 0.919814
73.6 0.919586
73.8 0.919435
74 0.919283
74.3 0.919054
74.5 0.9189
74.8 0.918665
75 0.918506
75.2 0.918345
75.5 0.918105
75.7 0.917944
76 0.917704
76.2 0.917545
76.5 0.917309
76.7 0.91715
77 0.916915
77.2 0.916759
77.5 0.916527
77.7 0.916374
78 0.916147
78.2 0.915995
78.5 0.915763
78.7 0.915606
79 0.915371
79.2 0.915216
79.5 0.914987
79.7 0.914831
80 0.914594
80.3 0.914352
80.5 0.914191
80.8 0.913952
81 0.913795
81.3 0.913557
81.6 0.913322
81.8 0.913161
82.1 0.912921
82.3 0.912767
82.6 0.912528
82.9 0.912281
83.1 0.91212
83.4 0.911878
83.7 0.91164
84 0.911403
84.2 0.911246
84.5 0.911014
84.8 0.910794
85 0.910646
85.3 0.910421
85.6 0.910181
85.9 0.909945
86.1 0.909795
86.4 0.909567
86.7 0.909331
87 0.909091
87.3 0.908858
87.5 0.908706
87.8 0.908492
88.1 0.908288
88.4 0.90808
88.7 0.907866
89 0.907655
89.3 0.907445
89.5 0.907303
89.8 0.907084
90.1 0.906843
90.4 0.906599
90.7 0.906355
91 0.906117
91.3 0.905883
91.6 0.905643
91.9 0.905426
92.2 0.905219
92.5 0.90499
92.8 0.904719
93.1 0.904426
93.4 0.904133
93.7 0.903864
94 0.903642
94.3 0.903436
94.6 0.903219
94.9 0.903017
95.2 0.902828
95.5 0.902673
95.8 0.902515
96.1 0.902329
96.4 0.902161
96.7 0.902016
97.1 0.901783
97.4 0.901549
97.7 0.901254
98 0.900979
98.3 0.90079
98.6 0.900608
99 0.900368
99.3 0.900095
99.6 0.899761
99.9 0.899346
200 0.83593
300 0.789917
400 0.752574
500 0.72124
600 0.694383
700 0.670985
800 0.650373
900 0.632055
1000 0.615632
1100 0.600786
1200 0.587287
1300 0.574954
1400 0.563618
1500 0.553164
1600 0.543475
1700 0.534486
1800 0.526105
1900 0.518255
2000 0.510874
2100 0.503945
2200 0.497401
2300 0.491214
2400 0.485366
2500 0.479798
2600 0.474523
2700 0.469511
2800 0.464712
2900 0.460134
3000 0.455759
3100 0.451573
3200 0.447562
3300 0.443719
3400 0.440026
3500 0.436455
3600 0.433038
3700 0.429751
3800 0.42658
3900 0.423509
4000 0.420551
4100 0.417697
4200 0.414928
4300 0.412244
4400 0.409654
4500 0.407122
4600 0.404671
4700 0.402292
4800 0.39997
4900 0.397723
5000 0.395527
5100 0.393365
5200 0.391261
5300 0.389205
5400 0.387223
5500 0.385288
5600 0.383378
5700 0.381509
5800 0.379678
5900 0.377895
6000 0.376154
6100 0.374465
6200 0.372785
6300 0.371146
6400 0.369545
6500 0.36797
6600 0.366406
6700 0.364904
6800 0.363437
6900 0.361978
7000 0.360556
7100 0.359146
7200 0.357779
7300 0.356405
7400 0.355069
7500 0.35376
7600 0.352464
7700 0.351167
7800 0.349916
7900 0.348702
8000 0.347493
8100 0.346275
8200 0.345078
8300 0.343902
8400 0.342735
8500 0.341595
8600 0.340471
8700 0.339358
8800 0.338256
8900 0.33715
9000 0.336055
9100 0.334995
9200 0.333939
9300 0.332916
9400 0.331906
9500 0.33091
9600 0.329931
9700 0.328947
9800 0.32798
9900 0.326991
10000 0.326029
10100 0.325076
10200 0.324123
10300 0.323182
10400 0.322247
10500 0.321328
10600 0.320422
10700 0.319509
10800 0.318591
10900 0.317707
11000 0.316819
11100 0.31595
11200 0.31509
11300 0.314233
11400 0.31338
11500 0.312525
11600 0.3117
11700 0.310868
11800 0.310047
11900 0.309232
12000 0.308423
12100 0.307623
12200 0.306835
12300 0.306054
12400 0.305279
12500 0.304528
12600 0.303771
12700 0.303011
12800 0.30226
12900 0.301517
13000 0.300778
13100 0.300044
13200 0.299304
13300 0.298551
13400 0.297819
13500 0.297087
13600 0.296354
13700 0.29563
13800 0.294931
13900 0.294229
14000 0.293531
14100 0.292825
14200 0.292123
14300 0.291426
14400 0.290709
14500 0.290013
14600 0.28932
14700 0.288632
14800 0.287949
14900 0.287279
15000 0.28662
15100 0.285966
15200 0.285311
15300 0.284659
15400 0.284022
15500 0.283378
15600 0.28274
15700 0.282108
15800 0.281468
15900 0.280841
16000 0.280208
16100 0.27958
16200 0.278943
16300 0.278301
16400 0.27766
16500 0.277017
16600 0.276401
16700 0.275782
16800 0.275165
16900 0.274536
17000 0.273927
17100 0.273326
17200 0.272718
17300 0.272123
17400 0.271515
17500 0.270928
17600 0.270337
17700 0.269759
17800 0.269181
17900 0.268587
18000 0.268019
18100 0.267455
18200 0.266885
18300 0.266313
18400 0.265734
18500 0.265171
18600 0.264601
18700 0.264048
18800 0.263488
18900 0.262944
19000 0.262393
19100 0.26183
19200 0.26127
19300 0.260712
19400 0.260167
19500 0.259621
19600 0.259079
19700 0.258514
19800 0.257942
19900 0.257396
20000 0.256829
20100 0.25629
20200 0.255732
20300 0.25519
20400 0.254654
20500 0.254122
20600 0.253585
20700 0.253032
20800 0.252502
20900 0.251968
21000 0.251451
21100 0.25092
21200 0.2504
21300 0.249876
21400 0.249356
21500 0.248834
21600 0.248326
21700 0.247834
21800 0.247353
21900 0.246865
22000 0.24636
22100 0.245866
22200 0.245369
22300 0.244861
22400 0.244361
22500 0.243875
22600 0.243396
22700 0.242919
22800 0.242446
22900 0.241975
23000 0.241506
23100 0.241018
23200 0.240514
23300 0.240029
23400 0.239559
23500 0.239089
23600 0.238622
23700 0.23815
23800 0.237678
23900 0.2372
24000 0.236729
24100 0.236267
24200 0.235817
24300 0.23536
24400 0.234906
24500 0.234454
24600 0.234007
24700 0.233551
24800 0.233104
24900 0.232657
25000 0.232234
25100 0.231806
25200 0.231362
25300 0.230912
25400 0.230469
25500 0.230022
25600 0.229597
25700 0.229158
25800 0.228712
25900 0.228258
26000 0.227824
26100 0.227379
26200 0.226937
26300 0.2265
26400 0.226063
26500 0.225618
26600 0.225177
26700 0.224726
26800 0.22428
26900 0.223827
27000 0.223392
27100 0.222956
27200 0.222528
27300 0.222097
27400 0.221692
27500 0.221279
27600 0.220869
27700 0.220443
27800 0.219998
27900 0.219554
28000 0.219118
28100 0.218688
28200 0.218251
28300 0.217801
28400 0.217355
28500 0.216937
28600 0.216513
28700 0.216105
28800 0.215702
28900 0.215284
29000 0.214876
29100 0.214471
29200 0.214058
29300 0.21367
29400 0.213271
29500 0.212869
29600 0.212458
29700 0.212041
29800 0.211643
29900 0.211235
30000 0.210825
30100 0.210412
30200 0.210012
30300 0.209607
30400 0.209204
30500 0.208786
30600 0.20838
30700 0.207975
30800 0.207559
30900 0.207156
31000 0.206738
31100 0.206345
31200 0.205942
31300 0.20553
31400 0.20512
31500 0.204733
31600 0.204349
31700 0.203971
31800 0.203587
31900 0.203211
32000 0.202836
32100 0.20246
32200 0.202086
32300 0.201716
32400 0.201338
32500 0.20097
32600 0.200596
32700 0.20024
32800 0.199878
32900 0.199511
33000 0.199126
33200 0.198369
33300 0.197987
33400 0.197611
33500 0.19724
33600 0.196862
33700 0.196475
33800 0.196106
33900 0.195718
34000 0.195318
34100 0.194921
34200 0.194532
34400 0.193768
34500 0.193427
34600 0.19305
34700 0.192696
34800 0.192348
34900 0.191998
35000 0.191659
35100 0.191311
35200 0.190961
35400 0.190277
35500 0.189933
35600 0.189577
35700 0.18922
35800 0.188844
35900 0.18847
36100 0.18777
36200 0.187414
36300 0.187067
36400 0.186724
36500 0.186366
36600 0.186006
36800 0.185314
36900 0.184982
37000 0.184648
37100 0.184307
37200 0.183958
37400 0.183235
37500 0.182883
37600 0.182532
37700 0.182186
37800 0.181823
38000 0.181117
38100 0.180775
38200 0.180442
38300 0.180098
38400 0.179772
38600 0.17911
38700 0.178774
38800 0.178453
38900 0.178146
39100 0.17748
39200 0.177134
39300 0.176813
39500 0.176123
39600 0.175793
39700 0.175457
39800 0.175123
40000 0.174485
40100 0.174173
40200 0.173861
40400 0.173268
40500 0.172944
40600 0.172615
40700 0.172297
40900 0.171656
41000 0.171342
41100 0.171011
41300 0.170364
41400 0.170023
41500 0.169698
41700 0.169061
41800 0.16875
41900 0.168424
42100 0.167788
42200 0.167477
42300 0.167172
42500 0.166563
42600 0.166279
42800 0.165708
42900 0.16541
43000 0.165118
43200 0.164552
43300 0.164261
43500 0.163636
43600 0.163339
43700 0.163046
43900 0.162436
44000 0.162161
44200 0.161586
44300 0.161323
44400 0.161051
44600 0.160464
44700 0.160173
44900 0.159595
45000 0.159302
45200 0.158745
45300 0.158457
45500 0.157899
45600 0.157606
45800 0.157051
45900 0.15679
46000 0.156524
46200 0.155986
46300 0.155709
46500 0.15515
46600 0.154868
46800 0.154342
46900 0.154073
47100 0.153524
47200 0.153266
47400 0.152719
47600 0.152175
47700 0.151899
47900 0.151325
48000 0.151046
48200 0.150487
48300 0.150218
48500 0.149669
48600 0.149395
48800 0.148864
49000 0.148339
49100 0.148049
49300 0.147494
49400 0.147223
49600 0.146661
49700 0.146391
49900 0.145872
50100 0.145354
50200 0.145104
50400 0.1446
50600 0.144035
50700 0.143754
50900 0.143225
51000 0.142945
51200 0.142397
51400 0.141875
51500 0.141623
51700 0.141108
51900 0.14058
52000 0.14032
52200 0.13978
52400 0.139236
52500 0.138973
52700 0.138453
52900 0.137961
53100 0.13746
53200 0.137193
53400 0.136653
53600 0.136146
53700 0.13592
53900 0.135467
54100 0.134997
54300 0.134505
54400 0.134264
54600 0.133812
54800 0.133315
55000 0.132851
55100 0.132627
55300 0.132188
55500 0.131748
55700 0.131304
55900 0.130838
56000 0.130613
56200 0.130165
56400 0.129679
56600 0.129219
56800 0.128725
57000 0.128226
57100 0.127981
57300 0.1275
57500 0.127028
57700 0.126562
57900 0.126107
58100 0.125647
58300 0.12521
58400 0.124987
58600 0.12455
58800 0.124106
59000 0.123658
59200 0.123238
59400 0.122794
59600 0.122386
59800 0.121959
60000 0.121532
60200 0.121127
60400 0.120728
60600 0.12033
60700 0.120125
60900 0.119737
61100 0.119344
61300 0.118917
61500 0.118486
61700 0.118062
61900 0.117666
62100 0.117269
62300 0.116862
62500 0.116434
62700 0.11601
62900 0.115574
63100 0.115165
63300 0.114741
63500 0.114316
63800 0.113652
64000 0.113253
64200 0.112851
64400 0.112443
64600 0.112033
64800 0.111656
65000 0.111239
65200 0.110825
65400 0.1104
65600 0.10998
65800 0.109602
66100 0.109036
66300 0.108656
66500 0.10829
66700 0.107885
66900 0.107536
67100 0.107168
67300 0.106798
67600 0.106298
67800 0.105965
68000 0.105636
68200 0.105281
68400 0.104907
68700 0.104354
68900 0.103971
69100 0.103597
69300 0.103232
69500 0.102887
69800 0.102377
70000 0.102033
70200 0.101668
70400 0.101285
70700 0.100722
70900 0.100356
71100 0.100003
71400 0.0994449
71600 0.0990676
71800 0.0987121
72100 0.098184
72300 0.0978324
72500 0.0975043
72800 0.0969736
73000 0.0966469
73200 0.0963227
73500 0.0958474
73700 0.0954956
73900 0.0951342
74200 0.0946406
74400 0.0942834
74700 0.0938219
74900 0.0934675
75100 0.0931159
75400 0.0925989
75600 0.0922611
75900 0.091792
76100 0.0914623
76400 0.0910165
76600 0.0907255
76900 0.090236
77100 0.0899152
77300 0.0895645
77600 0.0890853
77800 0.0887871
78100 0.0883286
78400 0.087899
78600 0.0876079
78900 0.087153
79100 0.0869103
79400 0.0864695
79600 0.0861554
79900 0.0856396
80100 0.0853228
80400 0.084859
80700 0.0844191
80900 0.084129
81200 0.0837126
81400 0.0834289
81700 0.0829857
82000 0.0826242
82200 0.0823479
82500 0.0819445
82800 0.0815104
83000 0.0812265
83300 0.0808103
83600 0.0804617
83800 0.0802034
84100 0.0798472
84400 0.0794977
84700 0.0791298
84900 0.0788763
85200 0.0785161
85500 0.0781516
85800 0.0778072
86000 0.0775335
86300 0.0771036
86600 0.0767384
86900 0.0763284
87100 0.0760399
87400 0.0756644
87700 0.0752729
88000 0.0748829
88300 0.0744709
88600 0.0740689
88800 0.0738098
89100 0.0734276
89400 0.0730693
89700 0.0727297
90000 0.0723642
90300 0.0719779
90600 0.0716165
90900 0.0712669
91200 0.0709124
91500 0.070504
91800 0.0701538
92100 0.0697595
92300 0.0694846
92600 0.0691084
92900 0.0687448
93200 0.0683649
93500 0.0680297
93800 0.0676683
94200 0.0671952
94500 0.0668032
94800 0.0664242
95100 0.0661222
95400 0.0657889
95700 0.0654641
96000 0.0651618
96300 0.0648414
96600 0.0644905
96900 0.0641409
97200 0.0637603
97500 0.0634348
97900 0.0629691
98200 0.0626476
98500 0.0623132
98800 0.0619657
99100 0.061611
99500 0.0611964
99800 0.0608993
100100 0.0605917
100400 0.0602622
100700 0.0599219
101100 0.0594948
101400 0.0591855
101700 0.0588603
102100 0.0584775
102400 0.0581865
102700 0.0579171
103000 0.0576387
103400 0.0573079
103700 0.0570275
104000 0.0567751
104400 0.0564168
104700 0.0560911
105100 0.0556748
105400 0.0553381
105700 0.0550596
106100 0.0546624
106400 0.0543507
106800 0.053985
107100 0.0537142
107500 0.0534003
107800 0.053112
108100 0.0527895
108500 0.0523659
108800 0.0520824
109200 0.0517041
109500 0.0514463
109900 0.0510783
110300 0.0507471
110600 0.0505169
111000 0.0502114
111300 0.0499305
111700 0.0496013
112000 0.0493773
112400 0.0490375
112800 0.0487247
113100 0.0484973
113500 0.048248
113900 0.0479583
114200 0.0477535
114600 0.0473819
115000 0.0470395
115300 0.0467962
115700 0.0464585
116100 0.0461529
116500 0.0458313
116800 0.0456102
117200 0.0452836
117600 0.0450382
118000 0.0447713
118400 0.0444432
118700 0.0441841
119100 0.0438655
119500 0.0436115
119900 0.0433508
120300 0.0430686
120700 0.0428021
121100 0.042548
121400 0.0423412
121800 0.0420291
122200 0.0418129
122600 0.0415475
123000 0.0413382
123400 0.0410636
123800 0.0407412
124200 0.0404752
124600 0.040188
125000 0.0399132
125400 0.0395238
125800 0.0392089
126200 0.0388745
126600 0.0385608
127100 0.038136
127500 0.0379292
127900 0.0376863
128300 0.0374004
128700 0.0371137
129100 0.0368477
129500 0.0366354
130000 0.0362989
130400 0.036019
130800 0.0357088
131200 0.0354802
131600 0.0352754
132100 0.034983
132500 0.0347214
132900 0.0344778
133300 0.0341723
133800 0.03393
134200 0.0337234
134600 0.0335709
135100 0.0333825
135500 0.0331758
136000 0.0330046
136400 0.0328377
136800 0.0326727
137300 0.0324004
137700 0.0322012
138200 0.0319385
138600 0.0317126
139100 0.0314465
139500 0.0312109
140000 0.0309467
140400 0.0307326
140900 0.0304781
141300 0.0302869
141800 0.0300165
142200 0.0298494
142700 0.0296184
143100 0.0294245
143600 0.0291968
144100 0.0290234
144500 0.028806
145000 0.0285138
145500 0.028273
145900 0.0279983
146400 0.0276744
146900 0.0274198
147400 0.027176
147800 0.0270123
148300 0.0268044
148800 0.0266496
149300 0.0264217
149800 0.026195
150200 0.0259663
150700 0.0257181
151200 0.0254907
151700 0.0252848
152200 0.0250589
152700 0.0247912
153200 0.0245807
153700 0.0243268
154200 0.0240595
154700 0.023834
155200 0.0236792
155700 0.0234568
156200 0.0232349
156700 0.0230616
157200 0.0229692
157700 0.0227697
158200 0.0225693
158700 0.0225196
159200 0.0223015
159700 0.0221309
160200 0.0219541
160800 0.021651
161300 0.0215383
161800 0.0214523
162300 0.0212691
162800 0.0211462
163400 0.0209522
163900 0.0207518
164400 0.0206126
165000 0.0203504
165500 0.0201383
166000 0.0199281
166600 0.0197579
167100 0.0196248
167600 0.0194944
168200 0.0192659
168700 0.0190845
169300 0.0188751
169800 0.0187803
170400 0.0186853
170900 0.0185319
171500 0.0183346
172000 0.0181361
172600 0.0179364
173100 0.0177654
173700 0.0176672
174300 0.0175568
174800 0.0174658
175400 0.0174064
175900 0.0173113
176500 0.0170525
177100 0.01691
177700 0.0167261
178200 0.0166342
178800 0.0164712
179400 0.0162788
180000 0.0161069
180500 0.0159614
181100 0.015794
181700 0.0156717
182300 0.0155172
182900 0.0153826
183500 0.0152692
184100 0.0152139
184700 0.015124
185300 0.0150172
185900 0.0148305
186500 0.014594
187100 0.0144348
187700 0.0143359
188300 0.014261
188900 0.0142038
189500 0.0141023
190100 0.0140107
190700 0.0138203
191300 0.0136813
191900 0.0135517
192600 0.0134174
193200 0.0133349
193800 0.0132798
194400 0.0131202
195100 0.0129319
195700 0.0128247
196300 0.0126826
197000 0.0126108
197600 0.0124653
198200 0.012385
198900 0.0122234
199500 0.0121303
200200 0.0120974
200800 0.0120731
201500 0.0121054
202100 0.0119701
202800 0.0119257
203400 0.0118155
204100 0.0116412
204700 0.0117057
205400 0.0116888
206000 0.0116373
206700 0.0115281
207400 0.0113538
208100 0.0112163
208700 0.0110988
209400 0.0109277
210100 0.0108215
210800 0.0108174
211400 0.0106666
212100 0.0106357
212800 0.0105354
213500 0.0104318
214200 0.0104064
214900 0.0103545
215600 0.0102982
216300 0.0102162
217000 0.0101287
217700 0.00993606
218400 0.00990592
219100 0.00981404
219800 0.00985197
220500 0.00975946
221200 0.00964976
221900 0.00961096
222600 0.00950006
223300 0.00944253
224100 0.00944797
224800 0.00936412
225500 0.0092222
226200 0.00911751
227000 0.00906278
227700 0.00906096
228400 0.00896764
229200 0.00886406
229900 0.0087109
230700 0.00855106
231400 0.00846684
232100 0.00841904
232900 0.00834374
233700 0.00821738
234400 0.00803172
235200 0.00792175
235900 0.00783453
236700 0.00764512
237400 0.00754387
238200 0.00752024
239000 0.00741453
239800 0.00739723
240500 0.00732458
241300 0.00718059
242100 0.00708249
242900 0.00697794
243700 0.00692272
244400 0.00680472
245200 0.00668778
246000 0.00656656
246800 0.0066484
247600 0.00661234
248400 0.0065224
249200 0.00634299
250000 0.00629231
250800 0.00624547
251600 0.0061686
252400 0.00606158
253300 0.00602459
254100 0.00591512
254900 0.00580086
255700 0.00572017
256500 0.00556432
257400 0.00541485
258200 0.00541695
259000 0.00537045
259900 0.00529472
260700 0.00526273
261600 0.00517411
262400 0.00525002
263200 0.00534392
264100 0.0052902
265000 0.00526031
265800 0.00518072
266700 0.00515902
267500 0.00506172
268400 0.00500472
269300 0.00495377
270100 0.00495111
271000 0.00498531
271900 0.00500036
272800 0.0049978
273600 0.00493705
274500 0.00489729
275400 0.00481846
276300 0.00482286
277200 0.00478312
278100 0.00464727
279000 0.00457348
279900 0.00449027
280800 0.00445416
281700 0.00443778
282600 0.0042917
283500 0.00425203
284400 0.00420631
285300 0.00420634
286300 0.00418359
287200 0.00401056
288100 0.00385652
289000 0.00372485
290000 0.00351854
290900 0.00342193
291900 0.00339736
292800 0.00331309
293700 0.00323186
294700 0.00320176
295600 0.00307221
296600 0.00317607
297600 0.00321699
298500 0.00337645
299500 0.00329769
300400 0.00305179
301400 0.00302479
302400 0.00295113
303400 0.00301123
304300 0.0031773
305300 0.00311286
306300 0.00301478
307300 0.00288012
308300 0.00295347
309300 0.00286894
310300 0.0028037
311300 0.00280938
312300 0.00283307
313300 0.00286203
314300 0.00278995
315300 0.00277883
316400 0.00265208
317400 0.00261236
318400 0.00249225
319400 0.00256763
320500 0.00262169
321500 0.00255768
322500 0.00250961
323600 0.00252033
324600 0.00255358
325700 0.0026189
326700 0.00254795
327800 0.00261288
328800 0.00261204
329900 0.00259573
331000 0.00258579
332000 0.0025727
333100 0.00253623
334200 0.00249215
335300 0.00251076
336300 0.00246564
337400 0.00254197
338500 0.00261173
339600 0.00265934
340700 0.00277593
341800 0.00281491
342900 0.00271497
344000 0.00269431
345100 0.00288872
346200 0.00277317
347400 0.00287991
348500 0.0027932
349600 0.0027388
350700 0.002725
351900 0.00278314
353000 0.00287522
354100 0.00279413
355300 0.00279547
356400 0.00272684
357600 0.00251225
358700 0.00254829
359900 0.0024377
361100 0.00245953
362200 0.00239923
363400 0.00241151
364600 0.00261228
365700 0.0026802
366900 0.00261376
368100 0.00265038
369300 0.00271006
370500 0.00273911
371700 0.00267253
372900 0.00267438
374100 0.00273786
375300 0.00274713
376500 0.00272241
377700 0.0026914
378900 0.00279736
380200 0.00287681
381400 0.00280173
382600 0.00282519
383900 0.00288058
385100 0.00274099
386300 0.00274428
387600 0.00268928
388800 0.00251819
390100 0.00251113
391400 0.00262788
392600 0.00267891
393900 0.00274058
395200 0.00276977
396400 0.0027595
397700 0.00279574
399000 0.00283089
400300 0.00263073
401600 0.00254377
402900 0.0026335
404200 0.00265436
405500 0.00261413
406800 0.00265452
408100 0.00257963
409400 0.00264171
410700 0.00258733
412100 0.00253613
413400 0.00258747
414700 0.0022944
416100 0.0023639
417400 0.00235374
418800 0.0021597
420100 0.00211547
421500 0.00206859
422800 0.00216424
424200 0.00215907
425600 0.00204709
426900 0.00190632
428300 0.00179195
429700 0.00174673
431100 0.00187566
432500 0.0019733
433900 0.00191766
435300 0.00183331
436700 0.00189069
438100 0.00185525
439500 0.00162476
440900 0.00163075
442400 0.00166183
443800 0.00169529
445200 0.0015285
446700 0.00136811
448100 0.00117866
449600 0.00110629
451000 0.00133202
452500 0.00134145
453900 0.0011562
455400 0.00105469
456900 0.0010408
458300 0.00104491
459800 0.000954697
461300 0.00107905
462800 0.00092588
464300 0.000918136
465800 0.000982584
467300 0.000732425
468800 0.000680685
470300 0.000607852
471800 0.000620372
473300 0.000589997
474900 0.000639817
476400 0.000547052
477900 0.000404814
479500 0.000505613
481000 0.000661925
482600 0.000563411
484200 0.000565391
485700 0.000409769
487300 0.000537827
488900 0.00049324
490400 0.000334261
492000 0.000335226
493600 0.000260407
495200 0.000321329
496800 0.000507011
498400 0.000505158
500000 0.000463171
501600 0.000380266
503200 6.13443e-05
504900 -0.000288199
506500 -0.000212953
508100 -0.000327759
509800 -0.000501577
511400 -0.000501545
513100 -0.000510033
514700 -0.00061647
516400 -0.000612944
518100 -0.000290734
519700 -0.000374971
521400 -0.000558057
523100 -0.000749101
524800 -0.000570854
526500 -0.000703726
528200 -0.000695405
529900 -0.000748299
531600 -0.000776221
533300 -0.00066421
535000 -0.000779901
536800 -0.000672605
538500 -0.000402718
540200 -0.0003489
542000 -0.000586675
543700 -0.000700524
545500 -0.000661551
547300 -0.000659481
549000 -0.000716205
550800 -0.000839254
552600 -0.000940264
554400 -0.000985488
556100 -0.00108222
557900 -0.00110842
559700 -0.000998349
561600 -0.000731583
563400 -0.000442317
565200 -0.00039596
567000 -0.000288404
568800 0.000106033
570700 0.000186437
572500 8.76334e-05
574400 0.000271234
576200 0.000287853
578100 0.000128243
579900 0.00031874
581800 0.000225085
583700 0.000417299
585600 0.000364172
587500 0.000432415
589400 0.000367023
591300 0.000656571
593200 0.000980509
595100 0.00113648
597000 0.00116028
599000 0.00116399
600900 0.00118926
602800 0.00117447
604800 0.00109621
606700 0.00102785
608700 0.000862327
610700 0.00111025
612600 0.00126766
614600 0.00153905
616600 0.00160237
618600 0.00129604
620600 0.00113686
622600 0.00146184
624600 0.00140404
626600 0.0011232
628600 0.00107392
630700 0.00122071
632700 0.00117163
634700 0.00100993
636800 0.00120066
638800 0.00140756
640900 0.00152155
643000 0.00147226
645100 0.00117434
647100 0.00133936
649200 0.00113975
651300 0.000996145
653400 0.000852855
655500 0.000833923
657700 0.000754486
659800 0.000742183
661900 0.000644813
664000 0.000421006
666200 0.000485977
668300 0.000448851
670500 3.81402e-05
672700 9.18654e-05
674800 5.52577e-05
677000 0.000185287
679200 0.000548445
681400 0.000492248
683600 0.000504284
685800 0.000625908
688000 0.000145053
690200 -0.000188923
692500 -0.00051144
694700 -0.0004906
696900 -0.000501228
699200 -0.000280272
701500 -0.00027912
703700 -0.000223732
706000 -0.000140698
708300 5.42494e-06
710600 0.000116487
712900 -0.000110131
715200 -9.46391e-06
717500 7.73964e-05
719800 0.000125401
722100 0.000335819
724400 0.000276005
726800 -0.000146481
729100 -6.8218e-05
731500 -0.000180295
733800 -3.58535e-05
736200 0.00035423
738600 0.00022481
741000 0.000167691
743400 3.88115e-05
745800 6.5947e-05
748200 0.00020295
750600 0.000594497
753000 0.000666912
755400 0.000864709
757900 0.000787644
760300 0.000598864
762800 0.000524924
765300 0.000235452
767700 0.000243269
770200 -2.81449e-05
772700 -0.000162202
775200 -0.000321193
777700 -0.000349233
780200 -0.000220724
782700 -0.000471074
785200 -0.000656638
787800 -0.000728532
790300 -0.000754213
792900 -0.000684638
795400 -0.000924018
798000 -0.00106377
800600 -0.000892924
803200 -0.000945922
805800 -0.000918833
808400 -0.00105406
811000 -0.00126005
813600 -0.000670388
816200 -0.000861832
818900 -0.000347364
821500 -0.000309537
824200 -0.000248644
826800 0.000134799
829500 0.000821923
832200 0.000425136
834900 0.000803556
837500 -1.8245e-05
840300 0.000210225
843000 0.000679893
845700 0.000395981
848400 0.00030686
851200 0.00067341
853900 -0.000319502
856700 -0.000268007
859400 2.23835e-06
862200 0.000209803
865000 -4.22277e-06
867800 0.000224048
870600 0.000286498
873400 0.000350042
876200 -0.000153433
879000 -0.000172715
881900 -0.000470508
884700 -9.46538e-05
887600 -0.000541517
890500 -0.000727098
893300 -0.000297833
896200 -0.000391267
899100 0.00030486
902000 6.44355e-05
904900 -0.000167046
907900 1.9284e-05
910800 7.50142e-05
913700 0.000365773
916700 7.22574e-06
919600 -0.00043362
922600 0.000433792
925600 0.00132292
928600 0.00203464
931600 0.00168827
934600 0.00161258
937600 0.00187592
940600 0.0021533
943700 0.00246178
946700 0.00249238
949800 0.00243358
952800 0.00225462
955900 0.00326171
959000 0.00306199
962100 0.00304495
965200 0.00244387
968300 0.00221285
971400 0.00350004
974600 0.00498157
977700 0.00444488
980900 0.00446502
984100 0.0034614
987200 0.00280439
990400 0.00275582
993600 0.00106053
996800 0.000804928
1e+06 -0.00411131
