lag_time C_t
0 1
0.1 0.999239
0.2 0.9978
0.3 0.996332
0.4 0.994961
0.5 0.993685
0.6 0.992488
0.7 0.991355
0.8 0.990273
0.9 0.989232
1 0.988226
1.1 0.987248
1.2 0.986297
1.3 0.985367
1.4 0.984457
1.5 0.983565
1.6 0.982687
1.7 0.981823
1.8 0.980972
1.9 0.980135
2 0.979308
2.1 0.978491
2.2 0.977685
2.3 0.976889
2.4 0.976102
2.5 0.975322
2.6 0.974551
2.7 0.973787
2.8 0.973029
2.9 0.972278
3 0.971533
3.1 0.970793
3.2 0.97006
3.3 0.969332
3.4 0.96861
3.5 0.967894
3.6 0.967182
3.7 0.966476
3.8 0.965776
3.9 0.965081
4 0.964391
4.1 0.963707
4.2 0.963026
4.3 0.962348
4.4 0.961675
4.5 0.961007
4.6 0.960343
4.7 0.959682
4.8 0.959025
4.9 0.958372
5 0.957721
5.1 0.957074
5.2 0.95643
5.3 0.95579
5.4 0.955153
5.5 0.954519
5.6 0.953887
5.7 0.953259
5.8 0.952633
5.9 0.952011
6 0.95139
6.1 0.950772
6.2 0.950155
6.3 0.949542
6.4 0.94893
6.5 0.948321
6.6 0.947715
6.7 0.947111
6.8 0.94651
6.9 0.945911
7 0.945316
7.1 0.944722
7.2 0.94413
7.3 0.943541
7.4 0.942953
7.5 0.942368
7.6 0.941786
7.7 0.941207
7.8 0.940631
7.9 0.940056
8 0.939484
8.1 0.938914
8.2 0.938346
8.3 0.937781
8.4 0.937217
8.5 0.936654
8.6 0.936094
8.7 0.935534
8.8 0.934976
8.9 0.934419
9 0.933862
9.1 0.933308
9.2 0.932755
9.3 0.932204
9.4 0.931655
9.5 0.931107
9.6 0.930562
9.7 0.930019
9.8 0.929477
9.9 0.928936
10 0.928397
10.1 0.927859
10.2 0.927323
10.3 0.926789
10.4 0.926255
10.5 0.925721
10.6 0.925188
10.7 0.924657
10.8 0.924128
10.9 0.923601
11 0.923077
11.1 0.922554
11.2 0.922031
11.3 0.92151
11.4 0.92099
11.5 0.920471
11.6 0.919953
11.7 0.919437
11.8 0.918922
11.9 0.91841
12 0.917899
12.1 0.91739
12.2 0.916882
12.3 0.916375
12.4 0.915868
12.5 0.915362
12.6 0.914858
12.7 0.914356
12.8 0.913854
12.9 0.913354
13 0.912855
13.1 0.912355
13.2 0.911857
13.3 0.91136
13.4 0.910864
13.5 0.910371
13.6 0.90988
13.7 0.909389
13.8 0.9089
13.9 0.908413
14 0.907927
14.1 0.907441
14.2 0.906956
14.3 0.906471
14.4 0.905986
14.5 0.905503
14.6 0.90502
14.7 0.904539
14.8 0.904058
14.9 0.903578
15 0.903099
15.1 0.90262
15.2 0.902143
15.3 0.901666
15.4 0.90119
15.5 0.900715
15.6 0.90024
15.7 0.899766
15.8 0.899291
15.9 0.898818
16 0.898346
16.1 0.897876
16.2 0.897409
16.3 0.896942
16.4 0.896475
16.5 0.89601
16.6 0.895545
16.7 0.895081
16.8 0.894618
16.9 0.894157
17 0.893696
17.1 0.893236
17.2 0.892777
17.3 0.892319
17.4 0.891862
17.5 0.891406
17.6 0.890952
17.7 0.890498
17.8 0.890045
17.9 0.889592
18 0.88914
18.1 0.888687
18.2 0.888235
18.3 0.887784
18.4 0.887334
18.5 0.886884
18.6 0.886435
18.7 0.885988
18.8 0.885541
18.9 0.885095
19 0.884649
19.1 0.884203
19.2 0.883758
19.3 0.883314
19.4 0.882871
19.5 0.882428
19.6 0.881985
19.7 0.881542
19.8 0.881099
19.9 0.880655
20 0.880213
20.1 0.879772
20.2 0.879334
20.3 0.878896
20.4 0.878458
20.5 0.87802
20.6 0.877583
20.7 0.877148
20.8 0.876714
20.9 0.87628
21 0.875847
21.1 0.875415
21.2 0.874982
21.3 0.874549
21.4 0.874117
21.5 0.873687
21.6 0.873259
21.7 0.872832
21.8 0.872405
21.9 0.871981
22 0.871557
22.1 0.871135
22.2 0.870712
22.3 0.87029
22.4 0.869869
22.5 0.869448
22.6 0.869028
22.7 0.868609
22.8 0.868191
22.9 0.867773
23 0.867354
23.1 0.866936
23.2 0.86652
23.3 0.866105
23.4 0.86569
23.5 0.865277
23.6 0.864864
23.7 0.864451
23.8 0.864039
23.9 0.863627
24 0.863218
24.1 0.86281
24.2 0.862403
24.3 0.861997
24.4 0.861593
24.5 0.861188
24.6 0.860782
24.7 0.860375
24.8 0.859967
24.9 0.859559
25 0.85915
25.1 0.85874
25.2 0.858332
25.3 0.857926
25.4 0.85752
25.5 0.857115
25.6 0.85671
25.7 0.856306
25.8 0.855901
25.9 0.855497
26 0.855094
26.1 0.854692
26.2 0.85429
26.3 0.85389
26.4 0.85349
26.5 0.85309
26.6 0.852691
26.7 0.852293
26.8 0.851895
26.9 0.851498
27 0.851101
27.1 0.850704
27.2 0.850308
27.3 0.849912
27.4 0.849516
27.5 0.849118
27.6 0.84872
27.7 0.848322
27.8 0.847925
27.9 0.847529
28 0.847134
28.1 0.846739
28.2 0.846345
28.3 0.845953
28.4 0.845561
28.5 0.84517
28.6 0.844779
28.7 0.844388
28.8 0.843999
28.9 0.84361
29 0.843222
29.1 0.842834
29.2 0.842447
29.3 0.84206
29.4 0.841674
29.5 0.841288
29.6 0.840903
29.7 0.840518
29.8 0.840132
29.9 0.839747
30 0.839362
30.1 0.838979
30.2 0.838597
30.3 0.838216
30.4 0.837837
30.5 0.837458
30.6 0.837079
30.7 0.8367
30.8 0.83632
30.9 0.83594
31 0.835559
31.1 0.83518
31.2 0.8348
31.3 0.834423
31.4 0.834046
31.5 0.83367
31.6 0.833296
31.7 0.832922
31.8 0.832548
31.9 0.832176
32 0.831805
32.1 0.831434
32.3 0.830693
32.4 0.830324
32.5 0.829956
32.6 0.829588
32.7 0.829221
32.8 0.828854
32.9 0.828489
33 0.828124
33.1 0.827761
33.2 0.827397
33.3 0.827033
33.4 0.826669
33.5 0.826306
33.6 0.825943
33.7 0.825581
33.8 0.825219
34 0.824497
34.1 0.824138
34.2 0.82378
34.3 0.823425
34.4 0.823071
34.5 0.822718
34.6 0.822366
34.7 0.822015
34.8 0.821663
35 0.820962
35.1 0.820611
35.2 0.820258
35.3 0.819904
35.4 0.81955
35.5 0.819197
35.6 0.818844
35.8 0.81814
35.9 0.817788
36 0.817438
36.1 0.81709
36.2 0.816744
36.3 0.816397
36.5 0.815704
36.6 0.815358
36.7 0.815013
36.8 0.81467
36.9 0.814326
37 0.813984
37.2 0.813297
37.3 0.812954
37.4 0.812612
37.5 0.81227
37.6 0.811931
37.8 0.811254
37.9 0.810916
38 0.810578
38.1 0.810239
38.3 0.809562
38.4 0.809224
38.5 0.808888
38.6 0.808552
38.8 0.807888
38.9 0.807558
39 0.807228
39.1 0.8069
39.3 0.806243
39.4 0.805914
39.5 0.805587
39.6 0.805261
39.8 0.804608
39.9 0.80428
40 0.803952
40.1 0.803623
40.3 0.802963
40.4 0.802635
40.5 0.802308
40.7 0.801658
40.8 0.801335
40.9 0.801012
41.1 0.800369
41.2 0.800049
41.3 0.79973
41.5 0.79909
41.6 0.79877
41.7 0.798449
41.9 0.79781
42 0.797491
42.1 0.797172
42.3 0.796534
42.4 0.796216
42.5 0.7959
42.7 0.79527
42.8 0.794955
43 0.794325
43.1 0.79401
43.2 0.793695
43.4 0.793063
43.5 0.792749
43.7 0.792123
43.8 0.79181
43.9 0.791498
44.1 0.790874
44.2 0.790564
44.4 0.789948
44.5 0.789639
44.6 0.789331
44.8 0.788719
44.9 0.788415
45.1 0.787808
45.2 0.787504
45.4 0.786898
45.5 0.786594
45.7 0.785989
45.8 0.785688
46 0.785087
46.1 0.784786
46.3 0.784184
46.4 0.783883
46.6 0.783283
46.7 0.782983
46.9 0.782384
47 0.782084
47.2 0.781485
47.3 0.781185
47.5 0.780579
47.6 0.780276
47.8 0.779671
47.9 0.77937
48.1 0.778774
48.2 0.778476
48.4 0.777881
48.5 0.777584
48.7 0.776991
48.9 0.776401
49 0.776106
49.2 0.775517
49.3 0.775224
49.5 0.774635
49.7 0.774044
49.8 0.773748
50 0.773159
50.1 0.772867
50.3 0.772285
50.5 0.771706
50.6 0.771416
50.8 0.770837
51 0.770257
51.1 0.769967
51.3 0.769388
51.4 0.769099
51.6 0.768523
51.8 0.767948
51.9 0.76766
52.1 0.767085
52.3 0.766514
52.5 0.765949
52.6 0.765667
52.8 0.765104
53 0.764544
53.1 0.764264
53.3 0.763704
53.5 0.763149
53.6 0.762873
53.8 0.762317
54 0.761761
54.2 0.761211
54.3 0.760936
54.5 0.760384
54.7 0.75983
54.9 0.759278
55 0.759002
55.2 0.758451
55.4 0.7579
55.6 0.757347
55.8 0.756792
55.9 0.756516
56.1 0.755962
56.3 0.755407
56.5 0.754855
56.7 0.754299
56.9 0.753743
57 0.753467
57.2 0.752918
57.4 0.752372
57.6 0.751829
57.8 0.751283
58 0.750736
58.1 0.750462
58.3 0.749914
58.5 0.749366
58.7 0.74882
58.9 0.74828
59.1 0.747744
59.3 0.747209
59.5 0.746673
59.7 0.746134
59.9 0.74559
60.1 0.745044
60.2 0.744773
60.4 0.744231
60.6 0.743693
60.8 0.743161
61 0.74263
61.2 0.742097
61.4 0.741562
61.6 0.741014
61.8 0.740465
62 0.739918
62.2 0.739371
62.4 0.738828
62.6 0.738289
62.8 0.737752
63 0.737217
63.2 0.736685
63.4 0.73615
63.6 0.735614
63.8 0.735081
64 0.734557
64.3 0.733772
64.5 0.733249
64.7 0.732724
64.9 0.732191
65.1 0.731659
65.3 0.731125
65.5 0.730588
65.7 0.730057
65.9 0.729528
66.1 0.728997
66.4 0.728194
66.6 0.727661
66.8 0.727134
67 0.726608
67.2 0.726085
67.4 0.725558
67.7 0.724772
67.9 0.724248
68.1 0.723725
68.3 0.723203
68.5 0.722688
68.8 0.721908
69 0.721382
69.2 0.720855
69.4 0.720329
69.6 0.719809
69.9 0.719031
70.1 0.718513
70.3 0.717992
70.5 0.717475
70.8 0.716707
71 0.716195
71.2 0.715679
71.5 0.7149
71.7 0.714373
71.9 0.713847
72.2 0.71306
72.4 0.712532
72.6 0.712009
72.9 0.711235
73.1 0.710727
73.3 0.710211
73.6 0.709441
73.8 0.708915
74 0.708392
74.3 0.707605
74.5 0.707078
74.8 0.706301
75 0.70578
75.2 0.705252
75.5 0.704467
75.7 0.703944
76 0.703167
76.2 0.702645
76.5 0.701862
76.7 0.701343
77 0.70056
77.2 0.700039
77.5 0.699258
77.7 0.698734
78 0.697957
78.2 0.697442
78.5 0.696676
78.7 0.696169
79 0.695414
79.2 0.694913
79.5 0.694159
79.7 0.693652
80 0.692886
80.3 0.692101
80.5 0.691577
80.8 0.690806
81 0.690299
81.3 0.689536
81.6 0.688768
81.8 0.688258
82.1 0.687498
82.3 0.687006
82.6 0.686285
82.9 0.685551
83.1 0.685052
83.4 0.684323
83.7 0.6836
84 0.682873
84.2 0.682383
84.5 0.681652
84.8 0.680939
85 0.680465
85.3 0.679755
85.6 0.679041
85.9 0.678312
86.1 0.677834
86.4 0.677136
86.7 0.676418
87 0.675666
87.3 0.674898
87.5 0.674387
87.8 0.673616
88.1 0.672857
88.4 0.672111
88.7 0.671353
89 0.670589
89.3 0.669832
89.5 0.669331
89.8 0.668591
90.1 0.66786
90.4 0.667097
90.7 0.666327
91 0.665572
91.3 0.664834
91.6 0.664125
91.9 0.663441
92.2 0.662748
92.5 0.662065
92.8 0.661391
93.1 0.660744
93.4 0.660119
93.7 0.659477
94 0.658816
94.3 0.658201
94.6 0.657611
94.9 0.656978
95.2 0.656372
95.5 0.655809
95.8 0.65518
96.1 0.654544
96.4 0.653908
96.7 0.653247
97.1 0.652416
97.4 0.651782
97.7 0.651127
98 0.650434
98.3 0.649789
98.6 0.649111
99 0.648381
99.3 0.648082
99.6 0.647896
99.9 0.647576
200 0.465449
300 0.357575
400 0.283008
500 0.229124
600 0.189116
700 0.158768
800 0.135391
900 0.117073
1000 0.102526
1100 0.0908774
1200 0.0814088
1300 0.0736546
1400 0.0672369
1500 0.0619048
1600 0.0574698
1700 0.0536967
1800 0.0504844
1900 0.0477008
2000 0.0452824
2100 0.0432631
2200 0.0414375
2300 0.0398496
2400 0.0384464
2500 0.0371539
2600 0.0359908
2700 0.0349149
2800 0.033922
2900 0.0330832
3000 0.032248
3100 0.0314976
3200 0.0308022
3300 0.0302
3400 0.0296397
3500 0.0290416
3600 0.0285053
3700 0.0280011
3800 0.0275571
3900 0.027153
4000 0.0267306
4100 0.0263871
4200 0.0260066
4300 0.0256812
4400 0.0253138
4500 0.0250475
4600 0.0247435
4700 0.0244753
4800 0.0241846
4900 0.0238774
5000 0.0236093
5100 0.0233152
5200 0.02308
5300 0.0228378
5400 0.0226243
5500 0.022431
5600 0.0222916
5700 0.0221709
5800 0.0219472
5900 0.0217412
6000 0.0215727
6100 0.0213454
6200 0.0211751
6300 0.0210088
6400 0.0208647
6500 0.0206957
6600 0.0205964
6700 0.0204935
6800 0.0203638
6900 0.0202208
7000 0.0200949
7100 0.0199649
7200 0.0198017
7300 0.019631
7400 0.0195389
7500 0.0194577
7600 0.0193686
7700 0.0192365
7800 0.0191021
7900 0.0189625
8000 0.0187996
8100 0.0186537
8200 0.0185508
8300 0.0183955
8400 0.0183055
8500 0.0181567
8600 0.0180586
8700 0.017954
8800 0.0178698
8900 0.0177587
9000 0.01769
9100 0.0176519
9200 0.0175387
9300 0.0174834
9400 0.0174309
9500 0.0174328
9600 0.0173388
9700 0.0171747
9800 0.0170789
9900 0.0169752
10000 0.0168641
10100 0.0167337
10200 0.016612
10300 0.0165561
10400 0.0165124
10500 0.0164881
10600 0.0163596
10700 0.0162189
10800 0.016112
10900 0.0160532
11000 0.0160521
11100 0.0160358
11200 0.0160201
11300 0.0159848
11400 0.0159504
11500 0.0158502
11600 0.0157772
11700 0.0157481
11800 0.0156469
11900 0.0155921
12000 0.0155325
12100 0.0154446
12200 0.0153653
12300 0.0152633
12400 0.0151688
12500 0.0150951
12600 0.0150616
12700 0.0149949
12800 0.0148947
12900 0.0148293
13000 0.0147127
13100 0.0146535
13200 0.0146177
13300 0.0145514
13400 0.0144659
13500 0.0144908
13600 0.0144072
13700 0.0143742
13800 0.0143615
13900 0.0143095
14000 0.0142495
14100 0.0141844
14200 0.0141639
14300 0.0140423
14400 0.0139293
14500 0.0139022
14600 0.0138806
14700 0.0138209
14800 0.0136908
14900 0.0136586
15000 0.0136129
15100 0.0135982
15200 0.0135369
15300 0.0135079
15400 0.0135007
15500 0.0134723
15600 0.0134139
15700 0.0133746
15800 0.013328
15900 0.0132596
16000 0.0132101
16100 0.0131508
16200 0.0131496
16300 0.0131455
16400 0.0131182
16500 0.013074
16600 0.0130229
16700 0.01297
16800 0.012901
16900 0.0128167
17000 0.0127332
17100 0.0126666
17200 0.0126305
17300 0.0125931
17400 0.0125042
17500 0.0124518
17600 0.0124478
17700 0.0124335
17800 0.0124181
17900 0.0124181
18000 0.0123481
18100 0.012302
18200 0.012264
18300 0.0122013
18400 0.0122118
18500 0.0121604
18600 0.0120947
18700 0.0120571
18800 0.0119349
18900 0.0118882
19000 0.0118508
19100 0.0117963
19200 0.0118316
19300 0.0117777
19400 0.0118417
19500 0.0118033
19600 0.0118131
19700 0.0117847
19800 0.0117652
19900 0.0117504
20000 0.0117069
20100 0.0116779
20200 0.0116192
20300 0.0115311
20400 0.0114499
20500 0.0114049
20600 0.0113111
20700 0.0113038
20800 0.0113103
20900 0.0113138
21000 0.0112325
21100 0.0111402
21200 0.0111635
21300 0.0111556
21400 0.0111173
21500 0.0110416
21600 0.0110138
21700 0.0109506
21800 0.0109503
21900 0.0109098
22000 0.0108716
22100 0.0107555
22200 0.0106855
22300 0.0106284
22400 0.0105495
22500 0.0105641
22600 0.0105429
22700 0.0105585
22800 0.0105412
22900 0.0105298
23000 0.0105021
23100 0.0104345
23200 0.0103615
23300 0.0102997
23400 0.0102302
23500 0.0101993
23600 0.0100639
23700 0.0100402
23800 0.010041
23900 0.0100156
24000 0.0100509
24100 0.0100174
24200 0.00999704
24300 0.00996388
24400 0.00989465
24500 0.00978849
24600 0.00972055
24700 0.00970219
24800 0.00969436
24900 0.00970698
25000 0.00972744
25100 0.00975145
25200 0.0097816
25300 0.00978836
25400 0.00980201
25500 0.00982297
25600 0.00978662
25700 0.00972798
25800 0.00974515
25900 0.00966876
26000 0.00963852
26100 0.00957406
26200 0.00946412
26300 0.0094361
26400 0.00940513
26500 0.0093955
26600 0.00938612
26700 0.00931907
26800 0.0092816
26900 0.00920604
27000 0.0091231
27100 0.00912369
27200 0.009197
27300 0.00917483
27400 0.00916478
27500 0.00914516
27600 0.00912205
27700 0.00912422
27800 0.00910958
27900 0.00910877
28000 0.00904155
28100 0.00896635
28200 0.00894611
28300 0.00894111
28400 0.00893957
28500 0.00893574
28600 0.00892371
28700 0.00884315
28800 0.00878362
28900 0.00872965
29000 0.00867632
29100 0.00858743
29200 0.00849331
29300 0.00846683
29400 0.00845932
29500 0.00844669
29600 0.00841373
29700 0.00831454
29800 0.00828751
29900 0.00823667
30000 0.00822629
30100 0.00817001
30200 0.00818803
30300 0.00814994
30400 0.00813049
30500 0.00814232
30600 0.00812937
30700 0.00811198
30800 0.00811658
30900 0.00807267
31000 0.0081241
31100 0.00803426
31200 0.00797719
31300 0.00793106
31400 0.00792769
31500 0.00797197
31600 0.0080054
31700 0.00803436
31800 0.00803981
31900 0.00800468
32000 0.00797635
32100 0.0079852
32200 0.00795801
32300 0.00789075
32400 0.00778964
32500 0.0077536
32600 0.0077684
32700 0.00775226
32800 0.0077083
32900 0.00769197
33000 0.00764599
33200 0.00764207
33300 0.00766739
33400 0.00766422
33500 0.00763254
33600 0.00762444
33700 0.00761138
33800 0.00759553
33900 0.00752725
34000 0.00751221
34100 0.00753828
34200 0.0075457
34400 0.0075158
34500 0.00745635
34600 0.00736272
34700 0.00731031
34800 0.00726144
34900 0.00725962
35000 0.00724296
35100 0.00723255
35200 0.00721881
35400 0.00711326
35500 0.00708887
35600 0.00710642
35700 0.00706118
35800 0.0070723
35900 0.00710146
36100 0.00702682
36200 0.00698255
36300 0.00696218
36400 0.00695531
36500 0.00692443
36600 0.00686003
36800 0.00686452
36900 0.00683557
37000 0.00684358
37100 0.00684413
37200 0.00678419
37400 0.00675381
37500 0.0067433
37600 0.00668592
37700 0.00666541
37800 0.00669223
38000 0.00673146
38100 0.00668125
38200 0.00663271
38300 0.00661567
38400 0.00654059
38600 0.00651277
38700 0.00651323
38800 0.0064527
38900 0.00640042
39100 0.00638184
39200 0.0063277
39300 0.00630875
39500 0.00623351
39600 0.00616768
39700 0.00615802
39800 0.00616442
40000 0.00621217
40100 0.00625431
40200 0.00628578
40400 0.00626084
40500 0.00623653
40600 0.00621982
40700 0.00622158
40900 0.00613597
41000 0.006113
41100 0.00609216
41300 0.00604457
41400 0.00605972
41500 0.0059767
41700 0.00596618
41800 0.0060135
41900 0.00596871
42100 0.00600099
42200 0.00595103
42300 0.00592791
42500 0.00594293
42600 0.0058944
42800 0.00585599
42900 0.0058922
43000 0.0058515
43200 0.00575438
43300 0.00575085
43500 0.00565323
43600 0.00563172
43700 0.00560687
43900 0.00558959
44000 0.00556041
44200 0.00557477
44300 0.00553552
44400 0.00553686
44600 0.00550343
44700 0.00551546
44900 0.00540526
45000 0.0053787
45200 0.00527549
45300 0.00531808
45500 0.00531031
45600 0.00531814
45800 0.00523856
45900 0.00526534
46000 0.00529014
46200 0.00519777
46300 0.00519642
46500 0.00517034
46600 0.00513755
46800 0.00507551
46900 0.00503864
47100 0.005012
47200 0.00499941
47400 0.00498942
47600 0.00498587
47700 0.00499401
47900 0.00492393
48000 0.00496163
48200 0.00494772
48300 0.00496745
48500 0.00493638
48600 0.00495167
48800 0.00493576
49000 0.0049015
49100 0.00489385
49300 0.00488642
49400 0.00491433
49600 0.00483695
49700 0.00482532
49900 0.00490214
50100 0.00485737
50200 0.00482029
50400 0.00485296
50600 0.00484065
50700 0.00475848
50900 0.00470341
51000 0.00467071
51200 0.004573
51400 0.00453908
51500 0.00450147
51700 0.00448694
51900 0.00447814
52000 0.00446622
52200 0.00454939
52400 0.00454587
52500 0.00451585
52700 0.00447628
52900 0.00449671
53100 0.00447653
53200 0.00446001
53400 0.00442634
53600 0.00445935
53700 0.00444323
53900 0.00443928
54100 0.00442962
54300 0.00443795
54400 0.00442956
54600 0.00441738
54800 0.00444282
55000 0.00435498
55100 0.00433269
55300 0.00431833
55500 0.00425799
55700 0.00417771
55900 0.0040973
56000 0.00415382
56200 0.00414264
56400 0.00409974
56600 0.00399278
56800 0.00399548
57000 0.00392267
57100 0.00390129
57300 0.00395264
57500 0.00393526
57700 0.00383853
57900 0.00379752
58100 0.00383008
58300 0.00376208
58400 0.00375825
58600 0.00375671
58800 0.00375678
59000 0.00374625
59200 0.00376686
59400 0.00373665
59600 0.00371666
59800 0.0037315
60000 0.00371769
60200 0.00370043
60400 0.00366552
60600 0.00363596
60700 0.00367248
60900 0.00378221
61100 0.0037877
61300 0.00373131
61500 0.00367249
61700 0.00360465
61900 0.00356772
62100 0.0035784
62300 0.00359825
62500 0.0036914
62700 0.0036574
62900 0.0036796
63100 0.00363826
63300 0.0036142
63500 0.00350886
63800 0.00337776
64000 0.00337498
64200 0.00334862
64400 0.00322393
64600 0.00319428
64800 0.00317953
65000 0.00324186
65200 0.00320419
65400 0.00321663
65600 0.00321368
65800 0.00314002
66100 0.00306555
66300 0.0030798
66500 0.00315903
66700 0.00313268
66900 0.0030297
67100 0.00299204
67300 0.00306182
67600 0.0030511
67800 0.00301172
68000 0.00295688
68200 0.00295294
68400 0.00293896
68700 0.00293421
68900 0.00291616
69100 0.00291459
69300 0.00299521
69500 0.00299128
69800 0.00296606
70000 0.00305885
70200 0.00302689
70400 0.00302146
70700 0.00288614
70900 0.0028623
71100 0.00280396
71400 0.00287911
71600 0.00288131
71800 0.00280041
72100 0.00276091
72300 0.00281763
72500 0.00277495
72800 0.00270649
73000 0.00272345
73200 0.00275694
73500 0.0026794
73700 0.00265353
73900 0.00256098
74200 0.00251369
74400 0.00243964
74700 0.00241081
74900 0.00241396
75100 0.00251149
75400 0.00263406
75600 0.00265083
75900 0.00257077
76100 0.00250573
76400 0.00246234
76600 0.00249699
76900 0.00248458
77100 0.00244748
77300 0.0023893
77600 0.00239102
77800 0.00244588
78100 0.00240282
78400 0.00239845
78600 0.0024196
78900 0.00229225
79100 0.00223279
79400 0.00227803
79600 0.00225778
79900 0.00225016
80100 0.0021906
80400 0.002143
80700 0.00219811
80900 0.00221146
81200 0.00219465
81400 0.00223882
81700 0.00221557
82000 0.00220271
82200 0.00212991
82500 0.0021418
82800 0.0021194
83000 0.00206135
83300 0.00204996
83600 0.00198289
83800 0.0020051
84100 0.00199579
84400 0.00198225
84700 0.00193868
84900 0.00189557
85200 0.0018865
85500 0.00189454
85800 0.0018576
86000 0.00187683
86300 0.00193878
86600 0.00189779
86900 0.00178813
87100 0.00183061
87400 0.00176306
87700 0.00174552
88000 0.00181448
88300 0.00179075
88600 0.00168311
88800 0.00159484
89100 0.00162583
89400 0.00168677
89700 0.00170768
90000 0.00160548
90300 0.00163502
90600 0.00169875
90900 0.00163935
91200 0.0016465
91500 0.00169738
91800 0.00164586
92100 0.00163004
92300 0.0015595
92600 0.00173135
92900 0.00176546
93200 0.00170048
93500 0.0016652
93800 0.00167869
94200 0.00160317
94500 0.00156962
94800 0.00159345
95100 0.0015945
95400 0.00155831
95700 0.00151028
96000 0.00136808
96300 0.00141518
96600 0.00151054
96900 0.00157528
97200 0.00148822
97500 0.00132604
97900 0.00129867
98200 0.00117005
98500 0.0012442
98800 0.00113744
99100 0.00127197
99500 0.00122723
99800 0.00118694
100100 0.00115937
100400 0.00124185
100700 0.00110255
101100 0.0011102
101400 0.00116444
101700 0.00122259
102100 0.00128636
102400 0.00128622
102700 0.00124565
103000 0.00113653
103400 0.00114952
103700 0.00131326
104000 0.00115173
104400 0.00128585
104700 0.00132081
105100 0.00116075
105400 0.00110773
105700 0.00108919
106100 0.00109286
106400 0.00116463
106800 0.00113614
107100 0.00101367
107500 0.000982579
107800 0.00103042
108100 0.00102769
108500 0.000959461
108800 0.000883793
109200 0.00080732
109500 0.00078032
109900 0.000776536
110300 0.000827974
110600 0.0008869
111000 0.00094323
111300 0.00091935
111700 0.000666792
112000 0.000662156
112400 0.000776203
112800 0.000801153
113100 0.000966887
113500 0.000953869
113900 0.000916147
114200 0.000856297
114600 0.000807612
115000 0.000806306
115300 0.000734017
115700 0.000747096
116100 0.000735702
116500 0.000835348
116800 0.000908557
117200 0.000871574
117600 0.000718657
118000 0.000916737
118400 0.000889957
118700 0.000940622
119100 0.000852053
119500 0.000824327
119900 0.000888762
120300 0.000853339
120700 0.000841899
121100 0.000864455
121400 0.000938542
121800 0.00085948
122200 0.000755378
122600 0.000767513
123000 0.000780524
123400 0.000945739
123800 0.000860741
124200 0.000801307
124600 0.000723331
125000 0.000663162
125400 0.000717341
125800 0.000658322
126200 0.000628129
126600 0.00067298
127100 0.000616029
127500 0.000537438
127900 0.000636166
128300 0.000385332
128700 0.000306383
129100 0.000451363
129500 0.000519109
130000 0.000620203
130400 0.000730697
130800 0.000628741
131200 0.000718917
131600 0.000682794
132100 0.000697352
132500 0.000577889
132900 0.000577086
133300 0.00061449
133800 0.000654662
134200 0.000581649
134600 0.00054517
135100 0.000427099
135500 0.000524326
136000 0.000530886
136400 0.000596972
136800 0.000636567
137300 0.000605803
137700 0.000486796
138200 0.000384364
138600 0.000412244
139100 0.000349769
139500 0.000372346
140000 0.000387186
140400 0.000626387
140900 0.000603472
141300 0.000554362
141800 0.000337732
142200 0.000477869
142700 0.000452092
143100 0.000556275
143600 0.000589801
144100 0.000653936
144500 0.000555587
145000 0.000744939
145500 0.000667606
145900 0.000590502
146400 0.000623269
146900 0.00070925
147400 0.000555382
147800 0.000503932
148300 0.000450862
148800 0.000508383
149300 0.000436183
149800 0.000322181
150200 0.000319286
150700 0.000528232
151200 0.000468855
151700 0.000356131
152200 0.000370995
152700 0.000311888
153200 0.000417038
153700 0.000356137
154200 0.000355455
154700 0.000407818
155200 0.00029117
155700 0.000162147
156200 0.000204061
156700 0.000259874
157200 0.00028409
157700 0.000303015
158200 0.000179167
158700 0.000252072
159200 0.000349798
159700 0.000410702
160200 0.000210855
160800 0.000148132
161300 0.000274848
161800 0.000386066
162300 0.000261838
162800 0.000239727
163400 0.000194162
163900 0.00010059
164400 0.000265998
165000 0.000472898
165500 0.000561534
166000 0.000459869
166600 0.00039111
167100 0.000456579
167600 0.000453838
168200 0.000328377
168700 0.000438952
169300 0.000438049
169800 0.000199937
170400 0.000321573
170900 0.00041195
171500 0.000518627
172000 0.000558905
172600 0.000265717
173100 7.75836e-05
173700 0.00030541
174300 0.000319974
174800 0.000400706
175400 0.000414069
175900 0.00022869
176500 0.000312606
177100 0.000267477
177700 0.00016768
178200 0.000241026
178800 0.000271759
179400 0.000218587
180000 0.000232
180500 0.000257387
181100 0.000166049
181700 0.000247946
182300 0.000188206
182900 0.000158544
183500 0.000249633
184100 0.000182831
184700 -5.56638e-06
185300 3.05564e-05
185900 3.49277e-05
186500 9.50418e-06
187100 0.000108199
187700 9.58556e-05
188300 1.0658e-05
188900 0.000139744
189500 0.000263518
190100 0.000272244
190700 0.000342421
191300 0.000397776
191900 0.000304306
192600 0.000170458
193200 0.000166226
193800 0.000222068
194400 0.000105128
195100 2.54178e-05
195700 0.000114829
196300 0.000134969
197000 0.000252694
197600 0.00030535
198200 0.000215525
198900 0.000293701
199500 0.000131276
200200 0.000231379
200800 0.000330831
201500 0.000331637
202100 0.000143628
202800 0.000142548
203400 4.42345e-05
204100 8.55061e-05
204700 -1.20731e-05
205400 0.000237161
206000 0.000214819
206700 0.000156452
207400 0.000100373
208100 -5.90717e-05
208700 1.31911e-05
209400 3.72365e-05
210100 2.63105e-05
210800 0.000188402
211400 0.00020713
212100 0.000137586
212800 0.000134888
213500 7.67978e-05
214200 4.70372e-05
214900 0.000196809
215600 0.000150244
216300 0.000335545
217000 0.000211035
217700 0.000227068
218400 0.000192445
219100 0.00022482
219800 0.000247793
220500 0.000286696
221200 7.24422e-05
221900 5.82041e-05
222600 -5.40109e-05
223300 0.00013609
224100 0.000197275
224800 0.000125049
225500 5.2423e-05
226200 2.03686e-05
227000 8.49759e-05
227700 0.000141129
228400 0.000130733
229200 0.000229285
229900 0.00019991
230700 5.93421e-05
231400 6.46997e-05
232100 7.15631e-06
232900 0.000117445
233700 0.000134879
234400 -8.55632e-05
235200 -1.70188e-05
235900 0.000162903
236700 -3.42153e-05
237400 3.56746e-05
238200 5.3171e-06
239000 3.17733e-05
239800 -5.49902e-05
240500 1.17156e-06
241300 -6.16818e-05
242100 9.74244e-06
242900 -0.000132536
243700 0.000171699
244400 4.26449e-05
245200 0.000173199
246000 -3.81096e-05
246800 8.52588e-05
247600 3.59074e-05
248400 -0.000102027
249200 2.98551e-05
250000 0.000129993
250800 9.95686e-05
251600 -0.000110988
252400 0.000158259
253300 9.55694e-05
254100 0.00013273
254900 -6.78684e-05
255700 0.000146062
256500 3.60297e-05
257400 -5.00043e-05
258200 7.82274e-05
259000 0.000173012
259900 0.00017058
260700 7.0279e-05
261600 1.54036e-05
262400 2.12322e-05
263200 7.41103e-05
264100 9.07396e-05
265000 0.000145917
265800 0.000127131
266700 0.000129317
267500 -8.70389e-05
268400 -0.000174299
269300 3.57928e-07
270100 3.74174e-05
271000 2.04053e-05
271900 0.000150312
272800 0.00032378
273600 0.000125838
274500 0.000276011
275400 5.7323e-06
276300 0.000230988
277200 0.0001193
278100 4.45407e-05
279000 3.26263e-05
279900 -8.37347e-05
280800 0.000105241
281700 6.97493e-05
282600 9.84991e-05
283500 0.000296434
284400 0.000121705
285300 -2.75651e-05
286300 -6.80012e-05
287200 7.82224e-05
288100 3.32268e-05
289000 0.000118815
290000 -9.70965e-05
290900 -0.000127427
291900 4.3141e-05
292800 -0.000125606
293700 -5.82884e-05
294700 -0.000176054
295600 -3.44052e-05
296600 -0.000199214
297600 -7.87057e-05
298500 -3.36506e-05
299500 5.22412e-06
300400 3.3108e-05
301400 -8.27852e-05
302400 9.96247e-05
303400 6.96102e-05
304300 -0.000113936
305300 2.37469e-05
306300 9.48336e-05
307300 -1.8114e-05
308300 2.70215e-06
309300 0.000249064
310300 0.000145086
311300 0.000137951
312300 0.000139057
313300 6.70576e-05
314300 8.05644e-05
315300 1.63366e-05
316400 -0.000120583
317400 -0.000126065
318400 3.38222e-05
319400 -0.000155275
320500 -6.11163e-05
321500 -1.79876e-06
322500 -0.000195237
323600 -3.9829e-06
324600 4.82437e-05
325700 -8.05695e-05
326700 0.000109334
327800 0.000115296
328800 0.000115719
329900 7.78474e-05
331000 3.0028e-05
332000 -4.27713e-05
333100 1.30024e-05
334200 -1.20827e-05
335300 -9.86215e-05
336300 -7.29565e-05
337400 -0.000141842
338500 0.000205126
339600 8.15456e-05
340700 1.52057e-06
341800 7.22499e-05
342900 0.000107507
344000 -4.79428e-05
345100 -6.43036e-05
346200 -6.36933e-05
347400 -9.64929e-05
348500 -7.66713e-05
349600 -1.2256e-05
350700 -9.47038e-05
351900 -9.96229e-05
353000 -7.44353e-05
354100 -0.000161541
355300 5.83915e-05
356400 7.74379e-05
357600 6.40841e-07
358700 -0.000174661
359900 0.000228049
361100 0.000160055
362200 0.00020067
363400 8.6384e-05
364600 7.29444e-05
365700 6.45164e-05
366900 0.000272454
368100 0.000160571
369300 2.5205e-05
370500 8.97618e-05
371700 -6.60931e-05
372900 -0.000180132
374100 -4.54676e-05
375300 8.53332e-05
376500 0.000142905
377700 4.6347e-05
378900 0.000193714
380200 -6.82791e-05
381400 -6.99488e-05
382600 2.17443e-05
383900 -3.3591e-05
385100 1.06059e-05
386300 -1.96237e-05
387600 0.000138461
388800 0.000108675
390100 6.26083e-05
391400 6.61987e-05
392600 -1.32295e-05
393900 2.34317e-05
395200 -8.47767e-06
396400 -0.00018762
397700 2.86287e-06
399000 0.000144532
400300 0.000283499
401600 0.000118519
402900 7.96144e-05
404200 -1.2976e-05
405500 5.72224e-05
406800 -5.2008e-05
408100 -4.91949e-05
409400 -6.97613e-05
410700 3.90295e-05
412100 3.35783e-05
413400 -0.000255529
414700 -0.000104073
416100 5.84893e-07
417400 -0.000198023
418800 -5.50876e-05
420100 -0.000178111
421500 0.000183071
422800 0.000105014
424200 0.00013272
425600 -1.26947e-05
426900 -1.35331e-05
428300 0.00019263
429700 -3.71118e-06
431100 0.00017456
432500 2.29567e-05
433900 -0.000128683
435300 -6.27472e-05
436700 0.000168324
438100 0.000133141
439500 -0.000217123
440900 5.84603e-05
442400 0.000122334
443800 0.00018331
445200 -1.29131e-06
446700 -6.29366e-06
448100 2.98067e-05
449600 0.000148598
451000 2.5116e-05
452500 6.29891e-05
453900 -0.000107325
455400 -0.000158681
456900 1.96781e-05
458300 -8.11291e-05
459800 -0.000157883
461300 8.81215e-05
462800 4.27094e-05
464300 0.000221716
465800 0.0001437
467300 0.000179014
468800 1.48006e-05
470300 5.20211e-05
471800 -3.48938e-05
473300 4.10837e-05
474900 0.000301333
476400 -4.62035e-05
477900 -0.000305755
479500 0.000112916
481000 4.16302e-05
482600 1.90237e-05
484200 -6.47482e-05
485700 0.000253533
487300 5.90712e-06
488900 -2.49468e-05
490400 -7.98095e-06
492000 7.8234e-05
493600 -0.00024631
495200 2.51659e-05
496800 0.000136957
498400 -0.000105798
500000 -0.000176644
501600 7.27326e-05
503200 9.60032e-05
504900 8.94526e-05
506500 -0.000179048
508100 -0.000167661
509800 -0.000258221
511400 -8.82775e-05
513100 -0.000225333
514700 -0.000333267
516400 -0.000278696
518100 -6.01093e-05
519700 -9.03232e-05
521400 -0.00012582
523100 -0.000205427
524800 -8.64601e-05
526500 -0.00013364
528200 -0.00025382
529900 -0.000100066
531600 -9.71919e-05
533300 -3.07966e-05
535000 0.00011549
536800 -0.000318092
538500 -6.67037e-05
540200 -4.64308e-05
542000 -0.000347573
543700 -7.57453e-05
545500 -0.000237363
547300 2.48895e-05
549000 -6.81888e-05
550800 -6.66863e-06
552600 6.61409e-06
554400 7.65568e-05
556100 0.000208552
557900 -0.000283126
559700 -7.78025e-06
561600 -3.27135e-05
563400 -2.03189e-05
565200 -0.000180751
567000 -2.31182e-05
568800 -1.24267e-05
570700 -9.43981e-05
572500 5.68613e-05
574400 -6.19835e-05
576200 0.00027723
578100 0.000134432
579900 6.44957e-05
581800 -2.14251e-05
583700 0.000107906
585600 -9.89578e-05
587500 -3.19468e-05
589400 3.98326e-05
591300 0.00014424
593200 -7.85192e-05
595100 -0.000226829
597000 -2.76964e-05
599000 -0.00013848
600900 -0.000162536
602800 -0.000106283
604800 -8.99926e-05
606700 6.37742e-05
608700 0.00020906
610700 0.000171002
612600 -0.000135227
614600 -0.000166651
616600 5.18082e-05
618600 0.00012026
620600 0.000203802
622600 -0.000251826
624600 -0.000212213
626600 3.53913e-05
628600 -3.96613e-05
630700 3.15695e-06
632700 -0.000394032
634700 0.000216444
636800 0.000147146
638800 -0.000421672
640900 -5.71077e-05
643000 -0.000112975
645100 5.10565e-05
647100 0.000180505
649200 -0.000387636
651300 -0.000105255
653400 -9.15345e-05
655500 9.10378e-05
657700 0.000130618
659800 -0.000203329
661900 0.000236367
664000 9.35841e-05
666200 -0.000137997
668300 -0.000116942
670500 -0.000154558
672700 0.000222477
674800 -7.55805e-05
677000 -0.000247242
679200 -0.000295731
681400 -0.00027579
683600 -0.000168176
685800 -4.98907e-05
688000 1.58475e-05
690200 2.5221e-05
692500 -0.00017452
694700 -0.000320218
696900 3.61567e-05
699200 -0.000240454
701500 0.000107118
703700 -6.96973e-06
706000 -0.000212455
708300 -0.000108877
710600 0.000105811
712900 -0.000155728
715200 -0.000125846
717500 -0.000197742
719800 5.04728e-05
722100 -0.000339382
724400 -0.000132428
726800 -1.98975e-06
729100 -0.000311303
731500 -0.000409848
733800 -0.000143104
736200 -0.000277433
738600 -0.000113632
741000 -6.66874e-07
743400 -0.000251288
745800 -0.000495498
748200 -0.000391144
750600 -8.04759e-05
753000 -8.50534e-05
755400 -0.000305861
757900 7.19412e-05
760300 -0.00044912
762800 -0.000225808
765300 -0.000251876
767700 0.000116265
770200 0.000211825
772700 -5.68084e-05
775200 -0.000380065
777700 0.000213602
780200 2.37023e-05
782700 -0.000200461
785200 -0.000266015
787800 9.03727e-05
790300 1.07451e-05
792900 3.75032e-05
795400 -0.000111302
798000 -7.6109e-05
800600 -7.33884e-05
803200 6.13699e-05
805800 -0.000221293
808400 -0.000400209
811000 2.66283e-05
813600 -0.000251854
816200 6.88905e-05
818900 -0.000216815
821500 0.000134209
824200 -0.000190474
826800 -0.000282523
829500 -8.80142e-05
832200 -1.92948e-05
834900 -0.000212374
837500 -0.000198098
840300 -0.000188225
843000 -7.22873e-05
845700 0.000432459
848400 0.000266582
851200 -0.000104702
853900 0.000268745
856700 -0.000541528
859400 0.000431884
862200 0.000249632
865000 0.000197475
867800 0.000313235
870600 -0.000242494
873400 0.00014905
876200 5.72242e-05
879000 -0.000461672
881900 0.000113957
884700 0.000366833
887600 8.14879e-05
890500 0.00032465
893300 -6.82153e-05
896200 -0.000830729
899100 -0.000245388
902000 -0.000326793
904900 0.000119299
907900 0.000138864
910800 0.000458305
913700 0.000256501
916700 -0.000158037
919600 -0.000757944
922600 0.000778868
925600 0.000609096
928600 0.000675206
931600 7.42047e-07
934600 0.000973651
937600 -0.000175307
940600 0.000259069
943700 0.000823932
946700 0.000578536
949800 -0.000490665
952800 7.91333e-05
955900 -0.00100661
959000 0.000607277
962100 -0.000740148
965200 0.000136152
968300 0.000682257
971400 0.000104359
974600 2.26512e-05
977700 0.000997684
980900 0.000690103
984100 0.000529768
987200 -0.000243602
990400 -2.22629e-05
993600 0.000442185
996800 0.000626387
1e+06 -0.00302456
