lag_time C_t
0 1
0.1 0.980515
0.2 0.951318
0.3 0.924275
0.4 0.900836
0.5 0.880019
0.6 0.861254
0.7 0.843991
0.8 0.827881
0.9 0.812719
1 0.798346
1.1 0.784647
1.2 0.771544
1.3 0.75898
1.4 0.746899
1.5 0.735262
1.6 0.72403
1.7 0.713159
1.8 0.702613
1.9 0.692375
2 0.682437
2.1 0.672782
2.2 0.663391
2.3 0.654256
2.4 0.64536
2.5 0.636695
2.6 0.628251
2.7 0.620009
2.8 0.611967
2.9 0.604116
3 0.596451
3.1 0.588956
3.2 0.581627
3.3 0.574451
3.4 0.567424
3.5 0.560543
3.6 0.553812
3.7 0.547226
3.8 0.540773
3.9 0.534437
4 0.528212
4.1 0.522111
4.2 0.516122
4.3 0.510225
4.4 0.504421
4.5 0.498741
4.6 0.493183
4.7 0.487737
4.8 0.48239
4.9 0.477134
5 0.471963
5.1 0.466883
5.2 0.461881
5.3 0.45695
5.4 0.452095
5.5 0.447322
5.6 0.442621
5.7 0.43798
5.8 0.433397
5.9 0.428883
6 0.424436
6.1 0.420058
6.2 0.415744
6.3 0.411496
6.4 0.407305
6.5 0.403174
6.6 0.399098
6.7 0.395089
6.8 0.391156
6.9 0.387285
7 0.383475
7.1 0.379718
7.2 0.37602
7.3 0.372372
7.4 0.368777
7.5 0.365239
7.6 0.361759
7.7 0.358321
7.8 0.354929
7.9 0.351573
8 0.348264
8.1 0.345001
8.2 0.341789
8.3 0.338634
8.4 0.335533
8.5 0.332475
8.6 0.329449
8.7 0.326464
8.8 0.323528
8.9 0.320627
9 0.317751
9.1 0.314913
9.2 0.312128
9.3 0.309391
9.4 0.306705
9.5 0.304056
9.6 0.301435
9.7 0.298834
9.8 0.296258
9.9 0.293718
10 0.291207
10.1 0.288724
10.2 0.286268
10.3 0.283855
10.4 0.281487
10.5 0.279154
10.6 0.276848
10.7 0.274562
10.8 0.272302
10.9 0.27007
11 0.267864
11.1 0.265678
11.2 0.263509
11.3 0.261361
11.4 0.25924
11.5 0.257146
11.6 0.255086
11.7 0.253054
11.8 0.251039
11.9 0.249034
12 0.247053
12.1 0.245093
12.2 0.243147
12.3 0.24121
12.4 0.239287
12.5 0.237377
12.6 0.235486
12.7 0.233618
12.8 0.231773
12.9 0.22996
13 0.228182
13.1 0.226424
13.2 0.224682
13.3 0.22296
13.4 0.221249
13.5 0.219558
13.6 0.217898
13.7 0.21627
13.8 0.214667
13.9 0.213092
14 0.211533
14.1 0.209981
14.2 0.208441
14.3 0.206916
14.4 0.205403
14.5 0.203912
14.6 0.20244
14.7 0.200981
14.8 0.199529
14.9 0.198083
15 0.196657
15.1 0.195244
15.2 0.193838
15.3 0.192442
15.4 0.191064
15.5 0.189713
15.6 0.188383
15.7 0.187075
15.8 0.185783
15.9 0.184489
16 0.183193
16.1 0.181898
16.2 0.180613
16.3 0.179328
16.4 0.178064
16.5 0.17681
16.6 0.175571
16.7 0.17435
16.8 0.173145
16.9 0.171947
17 0.170759
17.1 0.16958
17.2 0.168416
17.3 0.167265
17.4 0.166134
17.5 0.165013
17.6 0.163914
17.7 0.162835
17.8 0.161766
17.9 0.160699
18 0.159645
18.1 0.158589
18.2 0.157543
18.3 0.156512
18.4 0.155491
18.5 0.154482
18.6 0.153492
18.7 0.152532
18.8 0.151592
18.9 0.150681
19 0.149794
19.1 0.148895
19.2 0.147969
19.3 0.147035
19.4 0.146113
19.5 0.145213
19.6 0.144326
19.7 0.143448
19.8 0.142585
19.9 0.141756
20 0.140944
20.1 0.140136
20.2 0.139324
20.3 0.138514
20.4 0.137725
20.5 0.136949
20.6 0.136173
20.7 0.135387
20.8 0.134603
20.9 0.133823
21 0.133044
21.1 0.132282
21.2 0.13153
21.3 0.130784
21.4 0.130023
21.5 0.12925
21.6 0.12849
21.7 0.127757
21.8 0.127059
21.9 0.126377
22 0.125706
22.1 0.125047
22.2 0.124388
22.3 0.123733
22.4 0.123093
22.5 0.122453
22.6 0.121825
22.7 0.121212
22.8 0.120605
22.9 0.119993
23 0.119359
23.1 0.118719
23.2 0.118088
23.3 0.117477
23.4 0.116871
23.5 0.116274
23.6 0.115695
23.7 0.115128
23.8 0.114569
23.9 0.114004
24 0.113443
24.1 0.112887
24.2 0.112324
24.3 0.111749
24.4 0.111179
24.5 0.11063
24.6 0.110095
24.7 0.109573
24.8 0.109055
24.9 0.108534
25 0.108012
25.1 0.107482
25.2 0.106954
25.3 0.106428
25.4 0.105904
25.5 0.105368
25.6 0.10484
25.7 0.104318
25.8 0.103813
25.9 0.103318
26 0.102832
26.1 0.102336
26.2 0.101847
26.3 0.101379
26.4 0.100915
26.5 0.100459
26.6 0.100015
26.7 0.0995802
26.8 0.0991387
26.9 0.0986971
27 0.0982559
27.1 0.0978236
27.2 0.0973984
27.3 0.096982
27.4 0.0965673
27.5 0.0961497
27.6 0.0957403
27.7 0.0953313
27.8 0.0949246
27.9 0.0945167
28 0.0941053
28.1 0.0937118
28.2 0.0933242
28.3 0.0929384
28.4 0.092559
28.5 0.0921814
28.6 0.0918046
28.7 0.0914317
28.8 0.0910793
28.9 0.0907212
29 0.0903502
29.1 0.0899688
29.2 0.089594
29.3 0.0892141
29.4 0.088835
29.5 0.0884615
29.6 0.0881055
29.7 0.0877602
29.8 0.0874301
29.9 0.0871091
30 0.0867881
30.1 0.0864558
30.2 0.0860962
30.3 0.0857261
30.4 0.0853635
30.5 0.0850011
30.6 0.0846522
30.7 0.0843175
30.8 0.0839974
30.9 0.0836849
31 0.083378
31.1 0.08308
31.2 0.0827864
31.3 0.0825075
31.4 0.0822325
31.5 0.0819538
31.6 0.0816653
31.7 0.0813811
31.8 0.0810946
31.9 0.0808027
32 0.0805055
32.1 0.0802059
32.3 0.0795958
32.4 0.0793015
32.5 0.0790076
32.6 0.0787242
32.7 0.0784418
32.8 0.0781652
32.9 0.0778804
33 0.0775948
33.1 0.0773238
33.2 0.0770535
33.3 0.0767734
33.4 0.076488
33.5 0.0762044
33.6 0.075931
33.7 0.0756675
33.8 0.0754204
34 0.0749571
34.1 0.0747305
34.2 0.0745016
34.3 0.0742718
34.4 0.0740541
34.5 0.0738398
34.6 0.0736273
34.7 0.073419
34.8 0.0732176
35 0.0728267
35.1 0.0726234
35.2 0.0724076
35.3 0.0721898
35.4 0.0719758
35.5 0.0717608
35.6 0.0715483
35.8 0.0711209
35.9 0.0708849
36 0.0706532
36.1 0.0704277
36.2 0.0702219
36.3 0.0700271
36.5 0.0696392
36.6 0.0694627
36.7 0.0692915
36.8 0.0691101
36.9 0.0689043
37 0.0686852
37.2 0.0683107
37.3 0.0681232
37.4 0.0679496
37.5 0.0677883
37.6 0.0676399
37.8 0.0673903
37.9 0.0672711
38 0.0671525
38.1 0.0670257
38.3 0.0667387
38.4 0.0665785
38.5 0.0664184
38.6 0.0662726
38.8 0.0659744
38.9 0.065809
39 0.0656413
39.1 0.0654758
39.3 0.0651419
39.4 0.0649721
39.5 0.0648052
39.6 0.0646344
39.8 0.0642804
39.9 0.0640956
40 0.063904
40.1 0.063706
40.3 0.0633636
40.4 0.0632061
40.5 0.0630432
40.7 0.0627051
40.8 0.0625426
40.9 0.0623854
41.1 0.062012
41.2 0.0618198
41.3 0.0616362
41.5 0.0612748
41.6 0.0610987
41.7 0.0609246
41.9 0.0606031
42 0.0604447
42.1 0.060283
42.3 0.059955
42.4 0.0597903
42.5 0.0596269
42.7 0.0592943
42.8 0.0591348
43 0.0588117
43.1 0.0586599
43.2 0.058525
43.4 0.0582779
43.5 0.0581512
43.7 0.0578974
43.8 0.0577505
43.9 0.0575856
44.1 0.0572787
44.2 0.0571568
44.4 0.0569263
44.5 0.0567908
44.6 0.0566621
44.8 0.0563822
44.9 0.0562121
45.1 0.0558872
45.2 0.0557367
45.4 0.0554505
45.5 0.0553189
45.7 0.0550673
45.8 0.0549379
46 0.0546827
46.1 0.0545648
46.3 0.0543516
46.4 0.0542474
46.6 0.0539933
46.7 0.0538575
46.9 0.0536084
47 0.053493
47.2 0.0532445
47.3 0.0531181
47.5 0.0528204
47.6 0.0526634
47.8 0.0523829
47.9 0.0522542
48.1 0.0520648
48.2 0.0519783
48.4 0.0517467
48.5 0.0516333
48.7 0.051349
48.9 0.0510432
49 0.0509075
49.2 0.050678
49.3 0.0505584
49.5 0.0503409
49.7 0.0501081
49.8 0.0500036
50 0.0498577
50.1 0.0498132
50.3 0.0497388
50.5 0.0496744
50.6 0.0496446
50.8 0.0495369
51 0.0493939
51.1 0.0493247
51.3 0.0492503
51.4 0.049214
51.6 0.0491558
51.8 0.0490764
51.9 0.0490365
52.1 0.0489277
52.3 0.0487904
52.5 0.0486488
52.6 0.0485912
52.8 0.0485361
53 0.0485
53.1 0.0484668
53.3 0.0483685
53.5 0.0482481
53.6 0.0481836
53.8 0.0480734
54 0.0479037
54.2 0.0476994
54.3 0.047608
54.5 0.0474403
54.7 0.0472612
54.9 0.047091
55 0.0470217
55.2 0.0468962
55.4 0.0467663
55.6 0.0465987
55.8 0.0464647
55.9 0.0464267
56.1 0.0463537
56.3 0.0462944
56.5 0.0461676
56.7 0.0460689
56.9 0.046031
57 0.0460056
57.2 0.0458883
57.4 0.0456797
57.6 0.0454657
57.8 0.0452441
58 0.0450941
58.1 0.0450365
58.3 0.0449721
58.5 0.0449856
58.7 0.0450149
58.9 0.0450138
59.1 0.0449823
59.3 0.0448841
59.5 0.0447913
59.7 0.0447074
59.9 0.0445809
60.1 0.04451
60.2 0.0444892
60.4 0.0444003
60.6 0.0442742
60.8 0.0440979
61 0.0439684
61.2 0.04387
61.4 0.0437513
61.6 0.0436271
61.8 0.043502
62 0.0433811
62.2 0.0432354
62.4 0.0431062
62.6 0.0430239
62.8 0.0429826
63 0.0429127
63.2 0.0428795
63.4 0.0428294
63.6 0.0427745
63.8 0.042709
64 0.0426738
64.3 0.0425854
64.5 0.0426021
64.7 0.0425978
64.9 0.0424934
65.1 0.0424007
65.3 0.042342
65.5 0.0423446
65.7 0.0423531
65.9 0.0423385
66.1 0.0423562
66.4 0.0423037
66.6 0.0422319
66.8 0.0421605
67 0.0420267
67.2 0.0418876
67.4 0.0417999
67.7 0.0416507
67.9 0.0416552
68.1 0.0416843
68.3 0.0417517
68.5 0.0418528
68.8 0.0419373
69 0.0419245
69.2 0.041894
69.4 0.0418095
69.6 0.0416718
69.9 0.0412671
70.1 0.0410977
70.3 0.0409973
70.5 0.0408943
70.8 0.0407605
71 0.0406412
71.2 0.0406305
71.5 0.0405939
71.7 0.0406322
71.9 0.0406503
72.2 0.0406826
72.4 0.0407139
72.6 0.0407202
72.9 0.0406168
73.1 0.040543
73.3 0.0405695
73.6 0.0406453
73.8 0.0406211
74 0.0406874
74.3 0.0407894
74.5 0.040919
74.8 0.0411256
75 0.0411456
75.2 0.0410574
75.5 0.0409279
75.7 0.040937
76 0.0410862
76.2 0.041125
76.5 0.0411344
76.7 0.041151
77 0.0410508
77.2 0.0409772
77.5 0.0408843
77.7 0.0408106
78 0.0407228
78.2 0.0406685
78.5 0.040748
78.7 0.0408718
79 0.0409919
79.2 0.0410657
79.5 0.0412143
79.7 0.0412436
80 0.0411534
80.3 0.0410598
80.5 0.0409974
80.8 0.0409409
81 0.0408569
81.3 0.0407267
81.6 0.0406545
81.8 0.0405492
82.1 0.0404531
82.3 0.0405002
82.6 0.0405158
82.9 0.0403641
83.1 0.0403551
83.4 0.04044
83.7 0.0404817
84 0.0405783
84.2 0.0406676
84.5 0.0408351
84.8 0.0407775
85 0.0406786
85.3 0.0406533
85.6 0.0406084
85.9 0.0406235
86.1 0.0406382
86.4 0.0406975
86.7 0.0407129
87 0.0407463
87.3 0.0406889
87.5 0.0404821
87.8 0.0401448
88.1 0.039812
88.4 0.03938
88.7 0.0388012
89 0.0383451
89.3 0.0380315
89.5 0.0379497
89.8 0.037991
90.1 0.0378579
90.4 0.0376188
90.7 0.0374103
91 0.0371711
91.3 0.0370408
91.6 0.0370013
91.9 0.0369637
92.2 0.036874
92.5 0.0370076
92.8 0.0370303
93.1 0.036942
93.4 0.0366334
93.7 0.036576
94 0.0361599
94.3 0.0357464
94.6 0.0355017
94.9 0.0355011
95.2 0.0358107
95.5 0.0360238
95.8 0.0359652
96.1 0.0358832
96.4 0.0360373
96.7 0.0355835
97.1 0.0359004
97.4 0.0360711
97.7 0.035882
98 0.0352952
98.3 0.035082
98.6 0.0350175
99 0.0359023
99.3 0.0366358
99.6 0.0369151
99.9 0.0363624
200 0.0234403
300 0.020485
400 0.0186529
500 0.0173742
600 0.0162241
700 0.0154147
800 0.014824
900 0.0141041
1000 0.0137299
1100 0.013243
1200 0.0129508
1300 0.0126809
1400 0.0123477
1500 0.012189
1600 0.0119421
1700 0.0117162
1800 0.0115921
1900 0.0114205
2000 0.0113057
2100 0.0110916
2200 0.0109029
2300 0.0108344
2400 0.0107049
2500 0.0107129
2600 0.0105685
2700 0.0104702
2800 0.0104206
2900 0.0103299
3000 0.0101442
3100 0.0102263
3200 0.010091
3300 0.0100825
3400 0.00993797
3500 0.00985948
3600 0.00981192
3700 0.00982742
3800 0.00966347
3900 0.0096713
4000 0.00953984
4100 0.00954089
4200 0.00949161
4300 0.00947744
4400 0.00941995
4500 0.00939155
4600 0.00929631
4700 0.00943628
4800 0.00926819
4900 0.00918252
5000 0.00909345
5100 0.00908293
5200 0.00903332
5300 0.00900714
5400 0.00902259
5500 0.00907308
5600 0.0088908
5700 0.00902356
5800 0.00897918
5900 0.00867373
6000 0.00876573
6100 0.00869793
6200 0.00878852
6300 0.00877066
6400 0.00857188
6500 0.00859617
6600 0.00856883
6700 0.0085448
6800 0.00848669
6900 0.00849314
7000 0.00843016
7100 0.00845852
7200 0.00840265
7300 0.00831182
7400 0.00840398
7500 0.00834071
7600 0.00826213
7700 0.00820035
7800 0.00823753
7900 0.00825547
8000 0.00827873
8100 0.00822346
8200 0.00810483
8300 0.00806708
8400 0.00809562
8500 0.00808501
8600 0.00801858
8700 0.00808958
8800 0.00798384
8900 0.00794189
9000 0.00798725
9100 0.00789147
9200 0.00782417
9300 0.00782995
9400 0.00787587
9500 0.00785131
9600 0.00777194
9700 0.00775863
9800 0.00778814
9900 0.00768777
10000 0.00784917
10100 0.00766607
10200 0.00769105
10300 0.00762968
10400 0.00768042
10500 0.00766577
10600 0.00752783
10700 0.00755114
10800 0.00757966
10900 0.00744276
11000 0.00751369
11100 0.00747228
11200 0.0075611
11300 0.00745897
11400 0.0074239
11500 0.00736541
11600 0.00736644
11700 0.0073841
11800 0.00741018
11900 0.00740077
12000 0.00740166
12100 0.00724736
12200 0.00736368
12300 0.00733696
12400 0.0072073
12500 0.00718067
12600 0.00712086
12700 0.0072897
12800 0.00725812
12900 0.00712298
13000 0.00716612
13100 0.00704604
13200 0.00711822
13300 0.00702975
13400 0.00709366
13500 0.0070428
13600 0.00706035
13700 0.00698899
13800 0.00698803
13900 0.00700185
14000 0.00700152
14100 0.00685087
14200 0.00703039
14300 0.00682196
14400 0.0068435
14500 0.006865
14600 0.00692557
14700 0.00675502
14800 0.00684228
14900 0.00674526
15000 0.00673542
15100 0.00678879
15200 0.00682462
15300 0.0068092
15400 0.00677969
15500 0.00679653
15600 0.0066105
15700 0.00674496
15800 0.00663502
15900 0.00662374
16000 0.00666904
16100 0.00664505
16200 0.00663408
16300 0.00655482
16400 0.0066835
16500 0.00661987
16600 0.00654986
16700 0.00648096
16800 0.00658675
16900 0.00648391
17000 0.0064404
17100 0.00651151
17200 0.00647888
17300 0.00643868
17400 0.00631736
17500 0.00649579
17600 0.00634344
17700 0.0062986
17800 0.00625034
17900 0.00629038
18000 0.00636193
18100 0.00632819
18200 0.00627858
18300 0.00634203
18400 0.00626206
18500 0.00632726
18600 0.00619956
18700 0.0061187
18800 0.00616452
18900 0.0062053
19000 0.00610593
19100 0.00610458
19200 0.00602446
19300 0.00607279
19400 0.00604168
19500 0.00611494
19600 0.00597901
19700 0.00616177
19800 0.00608701
19900 0.00606585
20000 0.006055
20100 0.00613025
20200 0.00602376
20300 0.0060746
20400 0.00598613
20500 0.00589145
20600 0.00589735
20700 0.00595105
20800 0.00598683
20900 0.00590497
21000 0.00590954
21100 0.00583124
21200 0.00591211
21300 0.00583443
21400 0.00571665
21500 0.00577141
21600 0.00583742
21700 0.00577924
21800 0.00582759
21900 0.00578632
22000 0.00560525
22100 0.00573815
22200 0.00570762
22300 0.00575655
22400 0.00579582
22500 0.0057828
22600 0.00569865
22700 0.00574086
22800 0.0057177
22900 0.00559713
23000 0.00564381
23100 0.00563065
23200 0.00563771
23300 0.00553113
23400 0.00559614
23500 0.00566502
23600 0.00554876
23700 0.00547059
23800 0.0055667
23900 0.00553532
24000 0.00543618
24100 0.00564148
24200 0.00544241
24300 0.00547403
24400 0.00549072
24500 0.00545609
24600 0.00549193
24700 0.00545553
24800 0.00541884
24900 0.00536702
25000 0.0054889
25100 0.00546002
25200 0.00542048
25300 0.00544114
25400 0.00536003
25500 0.00539726
25600 0.00532481
25700 0.00537605
25800 0.00522403
25900 0.00524962
26000 0.00525838
26100 0.00528566
26200 0.00522944
26300 0.00530967
26400 0.00526513
26500 0.00524706
26600 0.00528062
26700 0.00514927
26800 0.00504895
26900 0.0052264
27000 0.00509365
27100 0.00512943
27200 0.00503819
27300 0.00505004
27400 0.0052585
27500 0.00505464
27600 0.004989
27700 0.00507835
27800 0.00508856
27900 0.00497763
28000 0.00505063
28100 0.00504786
28200 0.00507613
28300 0.00510119
28400 0.00503766
28500 0.00504832
28600 0.00503326
28700 0.00510489
28800 0.00494326
28900 0.00497177
29000 0.0049508
29100 0.00495172
29200 0.0049766
29300 0.00497901
29400 0.00497685
29500 0.00491553
29600 0.00495727
29700 0.00486405
29800 0.00486496
29900 0.00491244
30000 0.00486964
30100 0.00490938
30200 0.00485563
30300 0.00479045
30400 0.00478002
30500 0.00484513
30600 0.00477696
30700 0.00489599
30800 0.00468691
30900 0.00477917
31000 0.00462307
31100 0.00476115
31200 0.00463995
31300 0.00464696
31400 0.00470801
31500 0.00459329
31600 0.00471438
31700 0.00473607
31800 0.00458785
31900 0.00472173
32000 0.00471128
32100 0.00470714
32200 0.00462672
32300 0.00464203
32400 0.00455079
32500 0.00464137
32600 0.00462236
32700 0.00457719
32800 0.00461255
32900 0.0045646
33000 0.00444701
33200 0.00445895
33300 0.00452843
33400 0.0046073
33500 0.00447956
33600 0.00450944
33700 0.00448678
33800 0.0044082
33900 0.00454229
34000 0.00445762
34100 0.00433721
34200 0.00440113
34400 0.00446893
34500 0.00443765
34600 0.00434063
34700 0.00432822
34800 0.00443474
34900 0.00441372
35000 0.00436454
35100 0.00442313
35200 0.00430271
35400 0.00430861
35500 0.00420319
35600 0.00429189
35700 0.00428548
35800 0.00426521
35900 0.0043019
36100 0.00423691
36200 0.00425088
36300 0.00422421
36400 0.00419991
36500 0.00424351
36600 0.00420984
36800 0.0042449
36900 0.00416991
37000 0.00416306
37100 0.00417449
37200 0.00411141
37400 0.00414038
37500 0.00408128
37600 0.00413587
37700 0.00411387
37800 0.00414186
38000 0.00416031
38100 0.004132
38200 0.00403376
38300 0.00409347
38400 0.00400171
38600 0.0040837
38700 0.0039609
38800 0.00397094
38900 0.00392936
39100 0.00410847
39200 0.00399126
39300 0.00397137
39500 0.00399568
39600 0.0039095
39700 0.00390217
39800 0.00392565
40000 0.00380754
40100 0.00408051
40200 0.00387408
40400 0.0039706
40500 0.00389206
40600 0.00396014
40700 0.00383751
40900 0.00385022
41000 0.00381506
41100 0.00379234
41300 0.00376983
41400 0.00381607
41500 0.00372638
41700 0.00392887
41800 0.00382861
41900 0.00376061
42100 0.00385926
42200 0.00372898
42300 0.00372906
42500 0.00374327
42600 0.00363487
42800 0.0036981
42900 0.00366194
43000 0.00368324
43200 0.00363651
43300 0.00359473
43500 0.00355254
43600 0.00360699
43700 0.00359931
43900 0.00364187
44000 0.00356128
44200 0.00357014
44300 0.00365955
44400 0.00352283
44600 0.00359287
44700 0.00354817
44900 0.00354698
45000 0.00355604
45200 0.00351691
45300 0.00348147
45500 0.00349515
45600 0.00350395
45800 0.00345212
45900 0.00344421
46000 0.00347028
46200 0.00341512
46300 0.00340227
46500 0.00348147
46600 0.00340462
46800 0.00334002
46900 0.00335514
47100 0.00339955
47200 0.00336267
47400 0.00345543
47600 0.00342627
47700 0.00324472
47900 0.00328543
48000 0.00326012
48200 0.00320798
48300 0.00322812
48500 0.00318532
48600 0.00334419
48800 0.00329636
49000 0.00320325
49100 0.00323616
49300 0.00328002
49400 0.00320756
49600 0.00321795
49700 0.00313786
49900 0.00316966
50100 0.00320105
50200 0.00313911
50400 0.0031393
50600 0.00315173
50700 0.00313457
50900 0.00304192
51000 0.00317807
51200 0.00313306
51400 0.00306004
51500 0.00302428
51700 0.00304027
51900 0.00312665
52000 0.00300262
52200 0.00306462
52400 0.00300071
52500 0.00301345
52700 0.00298286
52900 0.00299211
53100 0.00310225
53200 0.00298834
53400 0.00306492
53600 0.00297568
53700 0.00288356
53900 0.00302141
54100 0.00292333
54300 0.00299771
54400 0.00300644
54600 0.00294102
54800 0.00302007
55000 0.00289794
55100 0.00285678
55300 0.00282588
55500 0.00294698
55700 0.00290538
55900 0.00291578
56000 0.00285121
56200 0.00277841
56400 0.00279312
56600 0.00279963
56800 0.00274155
57000 0.00271024
57100 0.00273057
57300 0.00279087
57500 0.00271901
57700 0.00277333
57900 0.00271458
58100 0.00270433
58300 0.00270826
58400 0.00262204
58600 0.00276636
58800 0.00261438
59000 0.002896
59200 0.00274461
59400 0.00278008
59600 0.00257839
59800 0.00257662
60000 0.00266862
60200 0.00266695
60400 0.00266069
60600 0.00253671
60700 0.00250372
60900 0.00269033
61100 0.00261241
61300 0.00262122
61500 0.0025196
61700 0.00264114
61900 0.00250114
62100 0.00253461
62300 0.00247396
62500 0.00244829
62700 0.00241951
62900 0.00254772
63100 0.00239901
63300 0.00245395
63500 0.00252222
63800 0.00245008
64000 0.00245016
64200 0.00247031
64400 0.00231629
64600 0.00239689
64800 0.00236766
65000 0.00236454
65200 0.00236637
65400 0.00232213
65600 0.00238638
65800 0.00234249
66100 0.00235002
66300 0.00230498
66500 0.00235315
66700 0.00224757
66900 0.00231075
67100 0.00215531
67300 0.00231777
67600 0.00222658
67800 0.00220779
68000 0.0022498
68200 0.00226398
68400 0.00222172
68700 0.00219704
68900 0.00220202
69100 0.00215609
69300 0.00216792
69500 0.00214278
69800 0.00219069
70000 0.00204406
70200 0.00223668
70400 0.00210187
70700 0.00219766
70900 0.00207307
71100 0.00208117
71400 0.0021069
71600 0.00214749
71800 0.00203529
72100 0.00216489
72300 0.00209223
72500 0.00207465
72800 0.00205481
73000 0.00192887
73200 0.00201614
73500 0.00197392
73700 0.00183986
73900 0.00204919
74200 0.00192586
74400 0.00185473
74700 0.00190831
74900 0.00197419
75100 0.00198193
75400 0.00199346
75600 0.00199237
75900 0.00195598
76100 0.00188104
76400 0.00189521
76600 0.00191916
76900 0.00181538
77100 0.00188135
77300 0.00186584
77600 0.00185205
77800 0.00181151
78100 0.00181322
78400 0.00173799
78600 0.00178372
78900 0.00182944
79100 0.00178534
79400 0.00180474
79600 0.00173506
79900 0.00164753
80100 0.00179206
80400 0.00174553
80700 0.00168874
80900 0.00174593
81200 0.0017666
81400 0.00163008
81700 0.00163816
82000 0.00184342
82200 0.00182044
82500 0.00163401
82800 0.00159534
83000 0.00170139
83300 0.00164995
83600 0.00165513
83800 0.00160698
84100 0.00161143
84400 0.00153396
84700 0.00164132
84900 0.00159829
85200 0.00170376
85500 0.0016327
85800 0.00169299
86000 0.00151115
86300 0.00150007
86600 0.00151453
86900 0.00163893
87100 0.00156962
87400 0.00144012
87700 0.00156248
88000 0.00143396
88300 0.00152132
88600 0.00150117
88800 0.00159715
89100 0.00160548
89400 0.00148855
89700 0.00151073
90000 0.00143148
90300 0.00150871
90600 0.00141941
90900 0.0015027
91200 0.0014603
91500 0.00139046
91800 0.0014286
92100 0.0014224
92300 0.00133338
92600 0.00138177
92900 0.0014595
93200 0.00149138
93500 0.00139703
93800 0.00129915
94200 0.0013608
94500 0.00131651
94800 0.00142585
95100 0.00145061
95400 0.00132693
95700 0.00122853
96000 0.00131143
96300 0.00127227
96600 0.00119997
96900 0.00128348
97200 0.00111948
97500 0.00120384
97900 0.00120857
98200 0.00123573
98500 0.00109706
98800 0.00124601
99100 0.00127227
99500 0.0011684
99800 0.00112795
100100 0.001215
100400 0.00127833
100700 0.00115402
101100 0.00111298
101400 0.00109481
101700 0.00115673
102100 0.00113675
102400 0.00109673
102700 0.0011289
103000 0.00112285
103400 0.00109571
103700 0.00107754
104000 0.00105728
104400 0.00113364
104700 0.00104696
105100 0.00093052
105400 0.00108218
105700 0.00105573
106100 0.00106926
106400 0.00101289
106800 0.000938228
107100 0.001112
107500 0.00110356
107800 0.000985451
108100 0.000987941
108500 0.00114043
108800 0.00103904
109200 0.00102836
109500 0.00094717
109900 0.00106868
110300 0.000980081
110600 0.000999482
111000 0.00092879
111300 0.000979436
111700 0.000930794
112000 0.000839196
112400 0.000957884
112800 0.000875329
113100 0.000736802
113500 0.00085255
113900 0.000839801
114200 0.000796312
114600 0.000882937
115000 0.000933488
115300 0.000918311
115700 0.000884437
116100 0.000893267
116500 0.000917111
116800 0.00101727
117200 0.000818008
117600 0.000821167
118000 0.000909199
118400 0.000813964
118700 0.000872279
119100 0.000739804
119500 0.000811888
119900 0.000701077
120300 0.000768922
120700 0.000737694
121100 0.000819198
121400 0.000767258
121800 0.000874681
122200 0.000785119
122600 0.000819373
123000 0.000816507
123400 0.000810601
123800 0.00083588
124200 0.000721481
124600 0.000802458
125000 0.000766969
125400 0.000756771
125800 0.000637376
126200 0.00062197
126600 0.000773082
127100 0.000743187
127500 0.000734149
127900 0.000682995
128300 0.000643298
128700 0.000680743
129100 0.000635985
129500 0.000590504
130000 0.000596333
130400 0.000633494
130800 0.000508866
131200 0.000633192
131600 0.000628246
132100 0.000625894
132500 0.000658194
132900 0.000516762
133300 0.000516021
133800 0.000716142
134200 0.000647576
134600 0.000534508
135100 0.000590081
135500 0.00055423
136000 0.000593893
136400 0.000588474
136800 0.000627865
137300 0.000534821
137700 0.000493849
138200 0.000615118
138600 0.000523024
139100 0.000618032
139500 0.000477255
140000 0.000542593
140400 0.000421158
140900 0.000552727
141300 0.000536608
141800 0.000565295
142200 0.000427333
142700 0.00057978
143100 0.000545986
143600 0.000459641
144100 0.00047101
144500 0.000419746
145000 0.00047887
145500 0.000425055
145900 0.000445992
146400 0.000541143
146900 0.000468269
147400 0.000474686
147800 0.000400392
148300 0.00041849
148800 0.000464216
149300 0.000445833
149800 0.000414055
150200 0.000319532
150700 0.000414014
151200 0.000500784
151700 0.000497841
152200 0.000403064
152700 0.000467177
153200 0.000418196
153700 0.0004053
154200 0.000381066
154700 0.00049401
155200 0.000453508
155700 0.000472987
156200 0.000470547
156700 0.000355503
157200 0.000357676
157700 0.000427651
158200 0.000460353
158700 0.000487393
159200 0.00047826
159700 0.000263611
160200 0.000424785
160800 0.000448025
161300 0.000367832
161800 0.000343127
162300 0.000346284
162800 0.000329626
163400 0.000333998
163900 0.000339031
164400 0.00037755
165000 0.000293909
165500 0.00040106
166000 0.000316257
166600 0.000397786
167100 0.000389106
167600 0.000320384
168200 0.000302326
168700 0.000364704
169300 0.000339111
169800 0.000154262
170400 0.00032463
170900 0.000261138
171500 0.000329527
172000 0.000400254
172600 0.000307478
173100 0.000265154
173700 0.000344549
174300 0.0002913
174800 0.000355874
175400 0.000226743
175900 0.000147987
176500 0.000267715
177100 0.000282354
177700 0.000262895
178200 0.000222124
178800 0.000254972
179400 0.000342957
180000 0.000375805
180500 0.00017654
181100 0.00016605
181700 0.000209373
182300 0.000244275
182900 0.000191686
183500 0.000264928
184100 0.000212215
184700 0.000269883
185300 0.000346737
185900 0.000219938
186500 0.000276742
187100 0.000246683
187700 0.000278618
188300 0.000192
188900 0.000212154
189500 0.000295375
190100 0.000173776
190700 0.000323215
191300 0.000313451
191900 0.000208965
192600 0.000246072
193200 0.000207341
193800 0.000281024
194400 0.000260265
195100 0.000233144
195700 0.00019349
196300 8.01611e-05
197000 0.000225776
197600 0.000256343
198200 0.000129637
198900 0.0002551
199500 0.000211508
200200 0.000213767
200800 0.00023919
201500 0.000209087
202100 0.00026597
202800 0.000130545
203400 0.000165825
204100 0.0001585
204700 0.000160744
205400 0.000191104
206000 0.000255411
206700 0.000246222
207400 0.000138214
208100 0.000143519
208700 0.000159391
209400 5.77825e-05
210100 6.67011e-05
210800 0.000126001
211400 0.000197828
212100 0.000159386
212800 0.000116397
213500 0.000108996
214200 0.000220566
214900 0.000104307
215600 0.000266633
216300 0.000124318
217000 0.000141452
217700 0.000138439
218400 3.55154e-05
219100 0.000120437
219800 0.000177164
220500 0.00013243
221200 3.95623e-05
221900 0.000127865
222600 0.000190144
223300 6.96273e-05
224100 0.000253787
224800 2.4805e-05
225500 0.000274161
226200 0.00010737
227000 5.56132e-05
227700 8.61513e-05
228400 0.000216377
229200 0.000205569
229900 7.5924e-05
230700 0.000214285
231400 0.000186768
232100 8.3588e-05
232900 0.000101979
233700 6.38438e-05
234400 0.000142517
235200 7.49691e-05
235900 0.000144806
236700 8.38052e-05
237400 -1.17722e-05
238200 -4.04991e-05
239000 0.000209893
239800 -1.20999e-05
240500 0.000155669
241300 0.000156352
242100 0.000171741
242900 0.000119369
243700 0.000112879
244400 0.000122005
245200 0.000115766
246000 0.000118582
246800 5.98904e-05
247600 0.000119198
248400 0.000149754
249200 0.000113579
250000 -1.15093e-05
250800 -1.69099e-05
251600 6.34549e-05
252400 8.51516e-05
253300 4.16666e-05
254100 0.000102048
254900 9.79296e-05
255700 0.000142272
256500 0.000112603
257400 5.76757e-05
258200 7.28693e-05
259000 0.000111275
259900 1.02196e-05
260700 -9.44657e-07
261600 -1.29855e-05
262400 0.000203301
263200 0.000139449
264100 8.41324e-05
265000 2.34644e-05
265800 3.902e-05
266700 4.01035e-05
267500 2.97188e-05
268400 9.17919e-05
269300 -2.90306e-05
270100 0.000148837
271000 2.22814e-05
271900 0.000160124
272800 8.22235e-05
273600 8.06617e-05
274500 5.81816e-05
275400 0.000122105
276300 0.000195951
277200 5.34967e-05
278100 2.34213e-05
279000 8.57214e-05
279900 4.59644e-05
280800 -9.18742e-06
281700 6.35328e-05
282600 0.000163102
283500 -1.11051e-05
284400 0.000104494
285300 2.12405e-05
286300 4.51901e-05
287200 0.000106729
288100 0.000108445
289000 5.97048e-06
290000 0.000107274
290900 -7.9986e-06
291900 8.07171e-06
292800 3.12074e-05
293700 4.59728e-05
294700 9.31273e-05
295600 -0.000108055
296600 3.11713e-05
297600 -1.18767e-05
298500 6.96e-05
299500 0.000107308
300400 -4.89989e-05
301400 0.000102788
302400 6.97045e-05
303400 5.08258e-05
304300 8.06962e-05
305300 8.05745e-05
306300 -4.18821e-05
307300 1.22861e-05
308300 6.66515e-05
309300 -2.20823e-05
310300 9.14763e-05
311300 0.00014507
312300 -1.38228e-05
313300 6.67487e-05
314300 -7.66159e-05
315300 8.03072e-05
316400 8.91331e-05
317400 -5.95191e-05
318400 3.44753e-06
319400 -3.69116e-05
320500 4.76805e-05
321500 4.8266e-05
322500 1.26309e-05
323600 6.97285e-05
324600 -3.35343e-05
325700 6.78755e-05
326700 -5.32977e-05
327800 4.34135e-05
328800 9.62612e-05
329900 -2.46362e-05
331000 0.000125697
332000 -6.91496e-05
333100 2.01544e-05
334200 8.06356e-05
335300 -6.52516e-05
336300 -0.000119983
337400 -5.76698e-05
338500 2.65124e-05
339600 3.40205e-05
340700 -1.25147e-05
341800 0.000101058
342900 -7.86011e-05
344000 4.60668e-05
345100 1.66082e-05
346200 9.08862e-05
347400 3.37349e-05
348500 -3.61321e-05
349600 -5.33723e-05
350700 0.00014219
351900 -7.18804e-06
353000 -0.000122741
354100 9.65833e-05
355300 0.000115591
356400 -2.69715e-05
357600 5.47284e-05
358700 -9.62003e-05
359900 1.40247e-05
361100 4.50549e-05
362200 5.02968e-05
363400 9.00115e-06
364600 -2.79458e-05
365700 0.000174687
366900 0.000116869
368100 -3.40256e-05
369300 2.19183e-05
370500 2.76124e-05
371700 1.39871e-05
372900 3.38852e-05
374100 2.59958e-05
375300 -3.12491e-05
376500 -1.69609e-05
377700 6.7892e-05
378900 7.36928e-05
380200 2.86144e-05
381400 3.82356e-05
382600 -4.3995e-05
383900 0.000111073
385100 -3.03751e-05
386300 -0.000144876
387600 -1.80561e-05
388800 7.79614e-05
390100 9.23402e-06
391400 -3.20504e-05
392600 0.000234588
393900 3.98911e-05
395200 -1.72474e-05
396400 -0.000107029
397700 0.000125792
399000 1.86735e-05
400300 5.90005e-05
401600 -2.4588e-05
402900 -0.000138362
404200 -3.66242e-05
405500 -2.40131e-05
406800 -4.56621e-05
408100 6.32385e-05
409400 9.72903e-05
410700 0.000126135
412100 2.40946e-05
413400 -5.42277e-05
414700 -0.000122008
416100 1.89575e-05
417400 -0.000131956
418800 6.93279e-05
420100 -0.000159489
421500 5.11759e-05
422800 8.45103e-05
424200 0.000158629
425600 -2.10051e-05
426900 -6.4049e-06
428300 -1.07607e-05
429700 9.25207e-05
431100 -5.4812e-05
432500 -4.06048e-05
433900 0.000177332
435300 -7.19799e-05
436700 2.77822e-05
438100 -8.34714e-05
439500 6.98435e-05
440900 0.000157278
442400 -5.64813e-05
443800 1.56809e-06
445200 -1.41373e-05
446700 0.000106692
448100 0.000108574
449600 0.000106798
451000 7.43506e-05
452500 -4.82327e-06
453900 0.00013776
455400 8.81758e-05
456900 -8.54314e-05
458300 5.48983e-05
459800 0.000107777
461300 1.29385e-05
462800 -1.44842e-05
464300 8.2871e-05
465800 -0.000110783
467300 2.30082e-05
468800 0.000139135
470300 -9.52941e-05
471800 8.20309e-05
473300 0.000133752
474900 0.000143685
476400 4.09156e-06
477900 -3.3954e-05
479500 -5.08963e-05
481000 0.000200725
482600 9.02058e-05
484200 0.000117577
485700 0.000131643
487300 -0.000129582
488900 -2.31072e-05
490400 3.83526e-05
492000 3.72354e-05
493600 -7.74063e-05
495200 2.61753e-05
496800 0.000107753
498400 -1.27284e-05
500000 1.9805e-05
501600 0.000126297
503200 -9.42074e-05
504900 -3.89132e-05
506500 1.35211e-06
508100 2.41726e-05
509800 -4.26765e-05
511400 -7.61114e-05
513100 0.000160595
514700 -9.50911e-05
516400 3.22834e-05
518100 -2.47249e-05
519700 8.48261e-05
521400 -2.18805e-05
523100 -5.45798e-05
524800 8.91261e-05
526500 7.50554e-05
528200 -0.000106145
529900 -3.73195e-05
531600 -0.000108181
533300 -2.50748e-05
535000 8.46392e-05
536800 -5.87633e-05
538500 -7.2484e-05
540200 1.08368e-05
542000 2.23049e-05
543700 0.000163215
545500 -4.60865e-05
547300 -5.77911e-05
549000 -5.59052e-05
550800 -2.44467e-05
552600 -3.60345e-05
554400 -9.78682e-05
556100 -4.59252e-05
557900 6.21333e-05
559700 -5.80974e-06
561600 0.00010862
563400 4.66682e-05
565200 9.24173e-05
567000 7.25186e-05
568800 4.94547e-05
570700 -9.46703e-05
572500 -5.34176e-05
574400 1.17856e-05
576200 -0.00015408
578100 0.000124998
579900 -1.70897e-05
581800 -5.23165e-05
583700 3.76717e-05
585600 5.39804e-05
587500 6.1114e-05
589400 0.000200163
591300 2.56501e-05
593200 5.14202e-05
595100 8.2457e-06
597000 2.60906e-05
599000 -9.06183e-05
600900 -3.03552e-05
602800 -0.000107988
604800 0.000133545
606700 -4.59312e-05
608700 8.69222e-05
610700 -7.2872e-05
612600 5.17368e-05
614600 -8.00106e-05
616600 -0.000180739
618600 9.30808e-06
620600 9.28339e-06
622600 -0.000127722
624600 3.30732e-06
626600 1.92169e-05
628600 2.67747e-06
630700 -0.000243043
632700 -0.000125263
634700 -0.000196049
636800 -3.56242e-06
638800 7.20466e-05
640900 -4.63567e-05
643000 -0.000100934
645100 -0.000162965
647100 -7.95571e-06
649200 -0.000159041
651300 0.000103524
653400 -1.37687e-05
655500 -9.11096e-05
657700 6.14207e-05
659800 0.000139742
661900 4.43356e-05
664000 4.82326e-05
666200 3.22102e-05
668300 0.000169262
670500 -8.82839e-05
672700 -8.22326e-05
674800 -8.23172e-05
677000 -6.17484e-05
679200 -0.000122828
681400 -7.29823e-05
683600 -3.98725e-05
685800 0.000110401
688000 -1.72518e-05
690200 -0.0001525
692500 -8.57335e-05
694700 -7.20329e-05
696900 5.87813e-05
699200 -8.60096e-05
701500 -0.000128425
703700 -0.000163823
706000 0.000183182
708300 -3.77497e-05
710600 0.000189993
712900 -1.6934e-05
715200 8.87225e-05
717500 -0.000383176
719800 -2.85536e-05
722100 2.28726e-05
724400 -0.000110116
726800 -3.26541e-05
729100 -0.000121906
731500 -1.76345e-05
733800 -0.000235538
736200 3.92372e-05
738600 -7.48035e-05
741000 6.06335e-05
743400 -0.000111463
745800 -0.000123174
748200 4.90611e-05
750600 0.000123738
753000 -0.000126467
755400 -2.04631e-05
757900 0.000186109
760300 -0.000116365
762800 0.000123204
765300 -1.37862e-05
767700 -0.00032893
770200 -0.000235171
772700 -2.19388e-05
775200 -0.000235289
777700 -0.000101754
780200 -0.000129643
782700 -7.75867e-05
785200 -0.000213093
787800 3.95915e-05
790300 7.75915e-05
792900 -1.67739e-05
795400 -0.000140421
798000 -0.000147147
800600 0.000129711
803200 -0.000236222
805800 4.71437e-05
808400 0.000157545
811000 7.39631e-06
813600 0.000114621
816200 -7.30065e-05
818900 -0.000217048
821500 6.01475e-05
824200 -9.80031e-05
826800 0.000234464
829500 -2.42486e-05
832200 -0.000154352
834900 -7.61759e-05
837500 -6.28751e-05
840300 0.000150357
843000 0.000124145
845700 5.30726e-05
848400 -0.00016243
851200 0.00023659
853900 -3.15133e-05
856700 -5.14272e-05
859400 0.000146227
862200 0.000240688
865000 1.17341e-05
867800 8.48572e-05
870600 -0.000311263
873400 -0.000365189
876200 0.00015768
879000 -0.000104125
881900 -0.000115394
884700 -0.000445915
887600 6.87469e-05
890500 7.87041e-05
893300 0.000154563
896200 0.000195898
899100 0.000245885
902000 -1.89869e-05
904900 -0.000185819
907900 -0.000236857
910800 4.03628e-05
913700 0.000143709
916700 -0.000240725
919600 0.0001867
922600 0.00041066
925600 0.000193578
928600 -0.00041524
931600 2.70423e-05
934600 0.000300677
937600 -3.6053e-05
940600 0.000314195
943700 0.000111689
946700 -0.000202679
949800 -0.000198866
952800 -9.44471e-05
955900 0.000329287
959000 9.77236e-05
962100 -0.000240488
965200 4.05608e-05
968300 -0.000257001
971400 -0.000541397
974600 -0.000153995
977700 0.000427062
980900 0.000263106
984100 0.00038158
987200 1.30599e-05
990400 -0.000792839
993600 -0.000447368
996800 -0.000274715
1e+06 0.00692983
